1.312794893144601793e-01
1.160144324174299246e-01
1.110185956147654723e-01
1.065778517901748573e-01
1.060227588121010200e-01
1.060227588121010200e-01
1.043574798778795498e-01
1.024146544546211540e-01
9.880655009714127412e-02
9.297807382736608672e-02
1.146266999722453522e-01
1.026922009436580657e-01
1.157368859283929990e-01
9.825145711906745072e-02
1.029697474326949774e-01
9.131279489314460263e-02
9.353316680543991013e-02
1.038023868998057125e-01
9.519844573966139423e-02
1.021371079655842284e-01
9.686372467388287832e-02
9.186788787121842603e-02
1.087982237024701648e-01
9.603108520677212934e-02
1.054676658340271966e-01
1.015820149875104050e-01
9.103524840410769092e-02
1.043574798778795498e-01
1.065778517901748573e-01
9.658617818484596662e-02
