1.626422425756314238e-01
1.718012767138495656e-01
1.709686372467388304e-01
1.562586733277823992e-01
1.651401609769636292e-01
1.656952539550374803e-01
1.598667776852622791e-01
1.606994171523730142e-01
1.698584512905911836e-01
1.754093810713294455e-01
1.731890091590341518e-01
1.748542880932556220e-01
1.759644740494032689e-01
1.754093810713294455e-01
1.820704968082153818e-01
1.854010546766583500e-01
1.740216486261448869e-01
1.895642520122120533e-01
1.898417985012489650e-01
1.765195670274770923e-01
1.773522064945878551e-01
1.867887871218429086e-01
1.837357757424368521e-01
1.856786011656952617e-01
1.848459616985845266e-01
1.876214265889536437e-01
1.892867055231751416e-01
1.881765195670274671e-01
1.895642520122120533e-01
1.917846239245073470e-01
