2.980849292256452787e-01
3.802386899805717535e-01
4.382459061892867158e-01
4.746044962531223987e-01
5.240077713016930705e-01
5.392728281987232419e-01
5.673050235914515183e-01
6.047737996114349590e-01
6.180960310852067208e-01
6.452955870108243452e-01
6.655564807105189828e-01
6.727726894254787426e-01
7.027477102414654286e-01
7.166250346933111803e-01
7.305023591451568210e-01
7.504857063558145747e-01
7.718567860116569701e-01
7.749097973910630266e-01
7.946155981126838963e-01
8.001665278934221304e-01
7.957257840688315431e-01
8.123785734110463563e-01
8.173744102137108225e-01
8.429086872051068102e-01
8.442964196502914520e-01
8.456841520954759828e-01
8.509575353871773329e-01
8.412434082708853955e-01
8.706633361087982026e-01
8.800999167360532560e-01
