2.285300036876815710e+00
2.110522100469742313e+00
2.015007838648112060e+00
1.948165343738989197e+00
1.906046405393331034e+00
1.872013867066507631e+00
1.815559632395112866e+00
1.805322021823840828e+00
1.766222772505805061e+00
1.715187198567588611e+00
1.709870955785555813e+00
1.683271635107056241e+00
1.664579322628697566e+00
1.618823367803050584e+00
1.595239525026231675e+00
1.570681638912480915e+00
1.581935230219463140e+00
1.532910093211071079e+00
1.493763793208262358e+00
1.476533075613988721e+00
1.456556929775882692e+00
1.416253640133257941e+00
1.438725295159295037e+00
1.378856964388712525e+00
1.364388888232265451e+00
1.335018251163477387e+00
1.322935399503919252e+00
1.316297285114298887e+00
1.295069241127479120e+00
1.274956665788661070e+00
