2.352350247203478073e+00
2.128962707651619102e+00
2.035841199829968140e+00
1.983621887883321167e+00
1.955987984123652712e+00
1.903942092633973848e+00
1.850315933247352218e+00
1.829340049269456925e+00
1.793892328758979415e+00
1.762125457753104918e+00
1.742762509475454413e+00
1.700486217014016921e+00
1.666891073255988065e+00
1.656579877531099143e+00
1.635719898665050298e+00
1.582710134850974892e+00
1.595364447775970307e+00
1.548715158842937534e+00
1.504703784913567599e+00
1.504636460724299685e+00
1.483009427868428265e+00
1.492720103164788981e+00
1.443136270356640605e+00
1.425868395375412989e+00
1.411285405839248996e+00
1.364996624125007774e+00
1.383175268315212314e+00
1.339745222366417465e+00
1.328152167004561512e+00
1.310553667617966989e+00
1.296952909049565061e+00
1.261576703050460102e+00
1.247905717662166625e+00
1.208641639211501362e+00
1.237888335521201366e+00
1.221442932897657485e+00
1.219072737356962532e+00
1.163375627053411465e+00
1.175007677804730255e+00
1.149088815473783720e+00
1.120464115261701421e+00
1.124327030208302380e+00
1.095115404132330550e+00
1.100892947073458306e+00
1.081615236657478052e+00
1.100778263361500198e+00
1.034771204696467661e+00
1.059801943476345487e+00
1.049549351933920516e+00
1.006529966178363100e+00
1.018324605625256840e+00
9.538001600972833005e-01
1.003701845405834847e+00
1.022236480277000759e+00
9.645037526816873097e-01
9.704284350132348358e-01
9.515916488424892572e-01
9.550651395254848852e-01
9.613881822252372533e-01
9.736361604369661027e-01
8.966750510016306963e-01
9.210716757376438135e-01
8.845858407565431181e-01
8.790154884623523346e-01
8.666486380895254138e-01
8.990455363513359943e-01
8.557755173057565168e-01
8.829387683225305983e-01
8.740721134948763460e-01
8.431270485150517136e-01
8.314654939747325724e-01
8.417742307558448989e-01
8.609763511928659740e-01
8.066436123216416121e-01
8.369735361301338106e-01
7.909054330181216619e-01
8.465471471817209714e-01
8.268193647554376025e-01
8.166424432908728770e-01
8.221890501616073710e-01
