1.978906466833194600e-01
2.631140716069941821e-01
2.941992783791285149e-01
3.077990563419372716e-01
3.144601720788232080e-01
3.402719955592561907e-01
3.516514016097696538e-01
3.627532611712461774e-01
3.802386899805717535e-01
3.930058284762698029e-01
3.985567582570080369e-01
4.104912572855953234e-01
4.313072439633638400e-01
4.263114071606994293e-01
4.207604773799611397e-01
4.426866500138773031e-01
4.446294754371357127e-01
4.693311129614210486e-01
4.848737163474882150e-01
4.823757979461559819e-01
4.879267277268942715e-01
4.854288093255620384e-01
5.056897030252567316e-01
5.115181792950319606e-01
5.154038301415486689e-01
5.253955037468776013e-01
5.220649458784346608e-01
5.412156536219816516e-01
5.489869553150152903e-01
5.548154315847904083e-01
5.487094088259784064e-01
5.698029419927838068e-01
5.753538717735220409e-01
5.850679988898140893e-01
5.784068831529280974e-01
5.822925339994449168e-01
5.872883708021093829e-01
6.139328337496530175e-01
6.000555092978073768e-01
6.133777407715792496e-01
6.142103802386900124e-01
6.205939494865390094e-01
6.278101582014987692e-01
6.269775187343880063e-01
6.314182625589785935e-01
6.225367749097974190e-01
6.500138773244518164e-01
6.336386344712738872e-01
6.416874826533444098e-01
6.469608659450457600e-01
6.636136552872605732e-01
6.719400499583679798e-01
6.530668887038578729e-01
6.486261448792672857e-01
6.730502359145156266e-01
6.722175964474049747e-01
6.727726894254787426e-01
6.855398279211768475e-01
6.758257008048847991e-01
6.655564807105189828e-01
6.877601998334721412e-01
6.833194560088814429e-01
7.052456286427977172e-01
6.991396058839856043e-01
7.119067443796835981e-01
6.944213155703580220e-01
7.055231751318346012e-01
6.994171523730224882e-01
6.991396058839856043e-01
7.124618373577574770e-01
7.185678601165694790e-01
7.119067443796835981e-01
7.130169303358312449e-01
7.213433250069386515e-01
7.152373022481265386e-01
7.305023591451568210e-01
7.110741049125728352e-01
7.191229530946433579e-01
7.221759644740494144e-01
7.146822092700527707e-01
