5.464858982413759804e+03
9.149718895233238072e+03
1.327118502663905565e+04
1.668147552676214036e+04
2.008625548876817993e+04
2.291591178475588822e+04
2.386520693149725048e+04
2.722425258748485066e+04
2.688306224672946337e+04
3.047322445078503733e+04
3.182843518844139544e+04
4.029600365027430234e+04
3.727293700698472094e+04
5.357631275428496883e+04
5.931402616430055059e+04
4.177762829454585881e+04
5.613947755766047339e+04
4.763060126053659769e+04
5.985409770054698311e+04
9.786839387322000402e+04
6.157763001232199895e+04
6.747090997906206758e+04
6.186744979122933000e+04
6.179255786132812500e+04
7.376065109531898634e+04
6.924188600796939863e+04
6.418479177881806390e+04
7.312089012792697758e+04
7.164938094391122286e+04
8.567036842308149789e+04
