4.406941923408297157e+00
3.407082589709527820e+00
3.265197741027684231e+00
3.368705726726563654e+00
3.346611226694735652e+00
3.572161765640132103e+00
3.790244699184914356e+00
3.831681131325930245e+00
4.023356650344553032e+00
4.165468893883301327e+00
4.164405320820055323e+00
4.235919377480187542e+00
4.672171710931032784e+00
4.894595373700529883e+00
4.774204699946903219e+00
4.757184893140502524e+00
5.186136869182217168e+00
4.710768231394548700e+00
5.504376806050456317e+00
4.889627438502959222e+00
5.568179930015944024e+00
5.795153561061108682e+00
5.490349495509985189e+00
5.386649431944554145e+00
5.565605367319736096e+00
6.533513435366411493e+00
6.205496664192537537e+00
5.927005149320882182e+00
6.053632948867502250e+00
6.392523056582400720e+00
