2.164310224498738222e+00
1.835757429084619252e+00
1.667064195524622594e+00
1.526641469417846730e+00
1.409070025685751570e+00
1.350246534122984787e+00
1.255083789538148364e+00
1.176652644397149228e+00
1.097569305563237174e+00
1.047403762380171965e+00
9.798408412371976128e-01
9.697390147523536896e-01
8.844080309375831339e-01
8.585565904583627450e-01
8.081448925375277481e-01
7.514429046382864463e-01
6.970809806458176938e-01
6.862066177511975118e-01
6.188354803780686808e-01
6.208828470754821360e-01
6.266078206702777598e-01
5.788282136383809950e-01
5.545768967037633113e-01
4.743700204778287244e-01
4.726176943495828398e-01
4.783054199585706767e-01
4.475432893430937864e-01
4.799615561993085810e-01
3.954820741029905218e-01
3.650853114068466909e-01
