6.521739130434782428e-02,3.571428571428571230e-02,2.173913043478260809e-01,8.695652173913043584e-03,1.705882352941176516e-01,1.255411255411255367e-01,1.209150326797385627e-01,1.617021276595744794e-01,1.098039215686274495e-01,3.448275862068965469e-02,1.054852320675105509e-01
8.212560386473430341e-02,3.076923076923077094e-02,2.119205298013245031e-01,4.545454545454545581e-02,1.531791907514450934e-01,1.095406360424028280e-01,8.947368421052631637e-02,1.364985163204747720e-01,7.211538461538460898e-02,4.533333333333333659e-02,1.237623762376237613e-01
6.484641638225255300e-02,1.785714285714285615e-02,1.917808219178082085e-01,4.301075268817204644e-02,1.931034482758620663e-01,1.084529505582137177e-01,9.359605911330048933e-02,1.315789473684210453e-01,1.136363636363636326e-01,4.057971014492753326e-02,1.123595505617977497e-01
6.890130353817504327e-02,4.687500000000000000e-02,2.231182795698924692e-01,2.941176470588235253e-02,1.728813559322033844e-01,1.036106750392464665e-01,8.620689655172414367e-02,1.235465116279069742e-01,7.051282051282051211e-02,3.794642857142856845e-02,8.536585365853659180e-02
6.312292358803986425e-02,2.222222222222222307e-02,2.300613496932515378e-01,1.428571428571428527e-02,1.864406779661016977e-01,8.487654320987654544e-02,1.151515151515151575e-01,1.251719394773039840e-01,9.600000000000000200e-02,4.175824175824175560e-02,1.103448275862068950e-01
7.869481765834933362e-02,2.325581395348837177e-02,2.314540059347180989e-01,1.612903225806451568e-02,1.377952755905511861e-01,8.372827804107424443e-02,1.302325581395348819e-01,1.251629726205997495e-01,6.034482758620689918e-02,5.836575875486381404e-02,8.510638297872340219e-02
6.887755102040815647e-02,2.564102564102564014e-02,1.678832116788321061e-01,0.000000000000000000e+00,1.875000000000000000e-01,9.912536443148688148e-02,1.102362204724409434e-01,1.404728789986091908e-01,1.058823529411764691e-01,4.415011037527594162e-02,1.111111111111111049e-01
5.871559633027523262e-02,0.000000000000000000e+00,2.135593220338982967e-01,0.000000000000000000e+00,1.715481171548117190e-01,1.031331592689295057e-01,1.023622047244094474e-01,1.213720316622691336e-01,1.078431372549019662e-01,5.043478260869565383e-02,8.181818181818181768e-02
4.898648648648648574e-02,2.439024390243902524e-02,1.956521739130434867e-01,3.636363636363636187e-02,1.559999999999999998e-01,1.018062397372742206e-01,7.382550335570470246e-02,1.279620853080568610e-01,1.130434782608695649e-01,4.624277456647398615e-02,3.738317757009345516e-02
6.890756302521008902e-02,3.448275862068965469e-02,1.821086261980830734e-01,0.000000000000000000e+00,1.390134529147982190e-01,8.720112517580871914e-02,8.064516129032257841e-02,1.216617210682492539e-01,6.542056074766354479e-02,4.148148148148148029e-02,1.441441441441441429e-01
6.410256410256409687e-02,2.777777777777777624e-02,2.151898734177215278e-01,4.761904761904761640e-02,1.834862385321101019e-01,1.148867313915857558e-01,1.382113821138211407e-01,1.364653243847874786e-01,1.264367816091954144e-01,5.639097744360901943e-02,9.734513274336283051e-02
5.467625899280575269e-02,2.857142857142857054e-02,2.331288343558282072e-01,4.545454545454545581e-02,1.394230769230769273e-01,1.077586206896551657e-01,6.194690265486725578e-02,1.316146540027137157e-01,9.649122807017543324e-02,3.824091778202676900e-02,1.250000000000000000e-01
5.769230769230769551e-02,7.407407407407406996e-02,2.410423452768729602e-01,8.000000000000000167e-02,2.000000000000000111e-01,1.131498470948012203e-01,9.558823529411764053e-02,1.398252184769038786e-01,1.136363636363636326e-01,5.851063829787234161e-02,7.608695652173913526e-02
5.535055350553505504e-02,0.000000000000000000e+00,2.407407407407407274e-01,0.000000000000000000e+00,1.499999999999999944e-01,1.028500619578686520e-01,7.751937984496123923e-02,1.253481894150417775e-01,1.063829787234042562e-01,3.761755485893417128e-02,6.666666666666666574e-02
6.678700361010830866e-02,0.000000000000000000e+00,1.578947368421052544e-01,7.499999999999999722e-02,1.875000000000000000e-01,1.093951093951093939e-01,8.661417322834645549e-02,1.377005347593582840e-01,1.030927835051546337e-01,4.166666666666666435e-02,8.490566037735848559e-02
5.485893416927899863e-02,0.000000000000000000e+00,1.654929577464788748e-01,5.882352941176470507e-02,1.138613861386138654e-01,1.053315994798439542e-01,6.722689075630251809e-02,1.098339719029374217e-01,8.235294117647058709e-02,5.438596491228070429e-02,1.111111111111111049e-01
5.330882352941176267e-02,0.000000000000000000e+00,2.153284671532846584e-01,2.127659574468085055e-02,1.232876712328767055e-01,1.096979332273449875e-01,8.130081300813007950e-02,1.079812206572769995e-01,8.910891089108910479e-02,4.245973645680820030e-02,1.237113402061855716e-01
6.313993174061433011e-02,7.407407407407406996e-02,2.527472527472527375e-01,6.521739130434782428e-02,2.114537444933920762e-01,1.111111111111111049e-01,4.761904761904761640e-02,1.190839694656488507e-01,5.263157894736841813e-02,4.647887323943662025e-02,6.185567010309278579e-02
6.323529411764705621e-02,3.703703703703703498e-02,1.933085501858736177e-01,3.125000000000000000e-02,1.367924528301886766e-01,1.076294277929155246e-01,1.023622047244094474e-01,1.104218362282878424e-01,6.382978723404254817e-02,4.000000000000000083e-02,9.278350515463917869e-02
5.665722379603399528e-02,0.000000000000000000e+00,2.482758620689655138e-01,2.380952380952380820e-02,2.263374485596707786e-01,1.041055718475073361e-01,7.207207207207207145e-02,1.028277634961439618e-01,6.329113924050633333e-02,4.814814814814814825e-02,9.523809523809523281e-02
5.823627287853577056e-02,0.000000000000000000e+00,2.187500000000000000e-01,2.325581395348837177e-02,1.368421052631579038e-01,9.530201342281879873e-02,1.224489795918367319e-01,1.152647975077881609e-01,1.363636363636363535e-01,4.158004158004158235e-02,4.464285714285714385e-02
6.385869565217391908e-02,0.000000000000000000e+00,1.808510638297872453e-01,2.631578947368420907e-02,1.608040201005025149e-01,1.032786885245901704e-01,8.593750000000000000e-02,1.047979797979797928e-01,6.521739130434782428e-02,4.545454545454545581e-02,1.000000000000000056e-01
6.500691562932227330e-02,0.000000000000000000e+00,2.250922509225092294e-01,2.325581395348837177e-02,1.902654867256637072e-01,1.103253182461103321e-01,6.837606837606838295e-02,1.356321839080459890e-01,1.234567901234567833e-02,5.321507760532150771e-02,1.195652173913043514e-01
7.109737248840804213e-02,0.000000000000000000e+00,2.132352941176470507e-01,0.000000000000000000e+00,1.304347826086956486e-01,9.914712153518123738e-02,8.593750000000000000e-02,1.183144246353322465e-01,6.060606060606060774e-02,5.301645338208409164e-02,5.882352941176470507e-02
7.583547557840616959e-02,3.846153846153846367e-02,2.087912087912087988e-01,2.040816326530612082e-02,1.483253588516746380e-01,1.031249999999999944e-01,1.157024793388429784e-01,1.435768261964735504e-01,4.938271604938271331e-02,5.018587360594795738e-02,6.382978723404254817e-02
6.475903614457831359e-02,4.347826086956521618e-02,2.126245847176079784e-01,4.081632653061224164e-02,1.191709844559585424e-01,1.009988901220865709e-01,6.779661016949152519e-02,1.426332288401253867e-01,7.499999999999999722e-02,5.671077504725897944e-02,6.542056074766354479e-02
8.053691275167784713e-02,4.166666666666666435e-02,1.726618705035971313e-01,6.976744186046511531e-02,1.509433962264150886e-01,8.091787439613526423e-02,8.771929824561403022e-02,1.129770992366412180e-01,6.410256410256409687e-02,4.552129221732745951e-02,9.574468085106382920e-02
6.964285714285714524e-02,0.000000000000000000e+00,2.203389830508474534e-01,5.882352941176470507e-02,1.632653061224489666e-01,1.014492753623188470e-01,7.874015748031495954e-02,1.318082788671023908e-01,7.216494845360824084e-02,4.672897196261682068e-02,7.368421052631578261e-02
7.371794871794871973e-02,0.000000000000000000e+00,2.101167315175097305e-01,1.063829787234042562e-01,1.256544502617800985e-01,1.031847133757961832e-01,1.879699248120300648e-01,1.334951456310679574e-01,1.000000000000000056e-01,4.914933837429111274e-02,3.960396039603960444e-02
5.761843790012804306e-02,0.000000000000000000e+00,2.147887323943661886e-01,5.555555555555555247e-02,1.900000000000000022e-01,1.200686106346483678e-01,8.474576271186440302e-02,1.171171171171171144e-01,3.225806451612903136e-02,3.414634146341463672e-02,7.446808510638297518e-02
