1.097560975609756101e-01,0.000000000000000000e+00,3.849372384937238545e-01,0.000000000000000000e+00,2.256341789052069557e-01,1.869158878504672827e-01,1.904761904761904656e-01,2.396514161220043571e-01,3.468468468468468568e-01,2.040816326530612290e-01,5.080000000000000071e-01
2.000000000000000111e-01,2.000000000000000111e-01,4.750211685012701301e-01,1.612903225806451568e-01,2.580152671755724936e-01,2.724550898203592642e-01,2.653846153846153855e-01,3.333333333333333148e-01,5.146443514644351014e-01,2.800000000000000266e-01,5.772058823529411242e-01
2.999999999999999889e-01,0.000000000000000000e+00,5.194922937443335886e-01,3.548387096774193727e-01,3.312977099236641410e-01,3.454038997214484707e-01,3.405797101449275499e-01,3.790322580645161255e-01,5.905172413793103869e-01,3.584905660377358250e-01,6.400000000000000133e-01
2.307692307692307820e-01,0.000000000000000000e+00,5.566218809980806315e-01,2.051282051282051211e-01,3.788819875776397450e-01,3.756345177664974777e-01,4.166666666666666852e-01,4.199584199584199817e-01,6.855895196506550660e-01,4.297520661157024913e-01,6.441281138790035943e-01
2.888888888888888618e-01,0.000000000000000000e+00,6.092184368737475486e-01,3.488372093023255904e-01,3.963133640552995440e-01,4.524421593830333932e-01,5.105633802816901268e-01,4.968553459119496862e-01,7.241379310344827624e-01,4.675324675324675217e-01,6.654545454545454097e-01
3.861386138613861485e-01,0.000000000000000000e+00,6.100196463654223855e-01,4.807692307692307820e-01,4.319620253164557222e-01,4.615384615384615641e-01,5.374149659863945994e-01,4.725050916496945086e-01,7.342342342342342842e-01,5.410958904109589573e-01,6.776556776556776907e-01
4.678899082568807599e-01,1.153846153846153910e-01,6.462018730489074159e-01,4.482758620689655249e-01,4.728171334431631179e-01,4.552429667519181655e-01,5.496894409937888026e-01,5.460674157303371246e-01,7.689243027888446047e-01,5.310344827586206407e-01,6.527777777777777901e-01
5.312500000000000000e-01,1.818181818181818232e-01,6.601239669421488099e-01,4.655172413793103314e-01,5.259631490787269881e-01,5.415549597855228159e-01,6.179401993355482237e-01,5.294117647058823595e-01,8.333333333333333703e-01,5.974025974025973795e-01,6.945454545454545769e-01
5.389610389610389740e-01,2.727272727272727071e-01,6.733193277310924874e-01,5.294117647058823595e-01,5.126903553299492211e-01,5.534759358288769970e-01,6.600000000000000311e-01,5.627615062761506248e-01,8.140495867768594573e-01,6.250000000000000000e-01,7.111111111111111382e-01
5.205479452054794232e-01,5.000000000000000000e-01,6.951754385964912242e-01,4.769230769230769496e-01,5.603864734299517369e-01,5.956873315363880872e-01,6.574074074074074403e-01,6.269315673289183044e-01,8.340080971659918907e-01,6.736111111111111605e-01,6.923076923076922906e-01
6.554054054054053724e-01,2.750000000000000222e-01,7.357630979498861468e-01,5.600000000000000533e-01,5.748792270531400961e-01,5.760598503740648191e-01,6.854304635761588882e-01,6.365546218487394547e-01,8.210116731517509425e-01,6.600000000000000311e-01,7.428571428571428825e-01
6.211180124223601995e-01,5.000000000000000000e-01,7.131696428571429047e-01,7.230769230769230616e-01,5.855263157894736725e-01,5.962059620596206200e-01,7.101910828025477240e-01,6.186440677966101864e-01,8.547717842323651061e-01,7.123287671232876317e-01,7.440273037542661783e-01
6.488095238095238360e-01,4.545454545454545303e-01,7.523148148148147696e-01,5.205479452054794232e-01,6.243654822335025223e-01,6.389610389610389518e-01,7.539936102236421966e-01,6.623931623931623713e-01,8.674242424242424310e-01,7.284768211920529257e-01,7.624113475177305421e-01
7.261146496815286122e-01,3.962264150943396457e-01,7.497155858930603101e-01,5.897435897435897578e-01,6.502463054187191949e-01,6.631299734748010710e-01,7.378048780487804770e-01,7.081447963800905354e-01,8.683127572016461349e-01,7.323943661971831220e-01,7.661016949152542610e-01
6.559139784946236285e-01,4.716981132075471761e-01,7.647058823529411242e-01,7.540983606557376540e-01,6.780821917808219634e-01,6.624040920716112169e-01,7.826086956521739468e-01,7.104072398190045545e-01,8.825757575757575690e-01,6.903225806451612767e-01,7.733812949640287426e-01
7.173913043478260532e-01,5.789473684210526550e-01,7.860465116279069520e-01,6.551724137931034253e-01,6.760330578512396826e-01,6.871657754010694896e-01,8.084415584415584055e-01,7.251732101616628068e-01,8.730769230769230838e-01,7.884615384615384359e-01,8.136200716845878311e-01
7.857142857142856984e-01,5.625000000000000000e-01,7.981330221703617500e-01,7.283950617283950768e-01,7.071917808219178037e-01,7.150684931506848807e-01,8.035190615835776651e-01,7.647058823529411242e-01,8.846153846153845812e-01,7.852348993288590373e-01,8.129496402877698369e-01
7.311827956989247479e-01,6.271186440677966045e-01,8.009422850412249995e-01,7.356321839080459668e-01,7.337883959044368964e-01,7.463976945244956696e-01,7.987804878048780921e-01,7.538802660753880502e-01,8.782287822878228623e-01,7.891156462585033893e-01,7.876712328767123683e-01
7.548076923076922906e-01,6.119402985074626766e-01,8.240291262135922556e-01,6.352941176470587870e-01,7.521514629948364838e-01,7.629427792915531858e-01,8.470948012232415447e-01,7.623318385650224016e-01,9.210526315789473450e-01,8.064516129032257563e-01,8.231046931407942635e-01
7.743589743589743835e-01,5.263157894736841813e-01,8.168674698795180822e-01,7.294117647058823151e-01,7.725694444444444198e-01,7.439999999999999947e-01,8.393939393939393590e-01,7.895927601809954455e-01,9.256505576208178265e-01,7.937499999999999556e-01,8.309859154929577496e-01
7.968750000000000000e-01,5.625000000000000000e-01,8.174224343675418059e-01,7.362637362637363125e-01,7.538726333907056487e-01,7.603305785123967153e-01,8.149253731343283347e-01,7.895927601809954455e-01,9.040590405904058713e-01,7.919463087248321820e-01,8.194945848375451147e-01
8.050000000000000488e-01,6.406250000000000000e-01,8.325183374083129362e-01,8.191489361702127825e-01,7.723440134907251231e-01,8.146067415730336991e-01,8.231707317073170271e-01,7.847222222222222099e-01,9.144981412639404672e-01,8.227848101265823333e-01,8.041237113402062153e-01
8.028846153846154188e-01,6.285714285714285587e-01,8.339438339438339787e-01,7.727272727272727071e-01,7.854671280276817047e-01,7.706666666666667220e-01,8.540372670807453437e-01,8.188073394495413160e-01,9.090909090909090606e-01,8.435374149659864429e-01,8.210526315789473673e-01
8.497652582159624934e-01,5.820895522388059851e-01,8.631319358816276210e-01,7.441860465116278966e-01,8.089700996677741118e-01,8.054054054054053946e-01,8.780487804878048808e-01,8.333333333333333703e-01,9.283018867924528461e-01,8.523489932885905951e-01,8.832116788321168199e-01
8.564356435643564192e-01,6.896551724137931494e-01,8.555555555555555136e-01,7.979797979797980112e-01,8.067226890756302726e-01,8.186813186813186594e-01,8.746177370030581155e-01,8.416289592760181071e-01,9.370370370370370017e-01,8.193548387096774022e-01,8.576512455516014377e-01
8.442211055276381826e-01,6.388888888888888395e-01,8.581997533908755083e-01,8.023255813953488191e-01,8.026981450252951289e-01,8.052631578947367919e-01,8.827160493827160836e-01,8.412698412698412787e-01,9.338235294117647189e-01,8.476821192052980125e-01,9.014598540145984940e-01
8.529411764705882026e-01,7.536231884057971175e-01,8.583850931677018403e-01,8.041237113402062153e-01,8.232235701906412961e-01,8.563535911602210282e-01,8.702064896755161705e-01,8.477272727272727737e-01,9.064748201438849184e-01,8.410596026490065880e-01,8.505338078291815318e-01
8.737373737373737015e-01,5.733333333333333615e-01,8.580323785803237735e-01,7.755102040816326259e-01,7.953795379537953458e-01,8.130081300813007950e-01,8.685015290519877418e-01,8.422273781902551715e-01,9.431818181818182323e-01,8.486842105263158187e-01,8.678571428571428825e-01
8.504672897196261516e-01,6.164383561643835829e-01,8.987179487179487447e-01,8.152173913043477826e-01,8.414023372287144920e-01,8.315789473684210842e-01,8.861538461538461808e-01,8.942528735632183645e-01,9.456521739130434590e-01,8.741721854304635997e-01,8.776978417266186883e-01
9.023255813953487969e-01,7.014925373134328623e-01,9.014084507042253724e-01,8.526315789473684070e-01,8.613013698630136439e-01,8.337730870712400932e-01,9.179331306990881068e-01,8.733031674208144857e-01,9.247311827956988806e-01,8.758169934640522847e-01,8.817204301075268758e-01
