9.677419354838709409e-02,0.000000000000000000e+00,2.173447537473233437e-01,0.000000000000000000e+00,1.587125416204217543e-01,1.291759465478841962e-01,1.088709677419354843e-01,1.466992665036674914e-01,9.883720930232557655e-02,2.777777777777777624e-02,2.666666666666666630e-01
6.521739130434782428e-02,4.761904761904761640e-02,2.272215973003374467e-01,4.000000000000000083e-02,1.832579185520361864e-01,1.019283746556473857e-01,1.262135922330097082e-01,1.445221445221445133e-01,1.084745762711864375e-01,7.017543859649122417e-02,3.626943005181347268e-01
6.993006993006993521e-02,0.000000000000000000e+00,2.426868905742145255e-01,4.347826086956521618e-02,1.843409316154608624e-01,1.205211726384364801e-01,1.132686084142394828e-01,1.446078431372549156e-01,7.017543859649122417e-02,0.000000000000000000e+00,2.891566265060240837e-01
7.812500000000000000e-02,0.000000000000000000e+00,2.064343163538873982e-01,0.000000000000000000e+00,1.741452991452991372e-01,9.125475285171102957e-02,1.228070175438596423e-01,1.053984575835475584e-01,7.567567567567567988e-02,5.555555555555555247e-02,2.187500000000000000e-01
1.132075471698113234e-01,0.000000000000000000e+00,2.107692307692307643e-01,6.060606060606060774e-02,1.776649746192893453e-01,1.082251082251082241e-01,9.049773755656108365e-02,1.300813008130081438e-01,6.400000000000000133e-02,1.612903225806451568e-02,2.000000000000000111e-01
6.849315068493150305e-02,3.571428571428571230e-02,1.986577181208053766e-01,3.030303030303030387e-02,1.861761426978818246e-01,1.010101010101010083e-01,6.726457399103139001e-02,1.447721179624665011e-01,6.363636363636362980e-02,6.122448979591836593e-02,2.170542635658914699e-01
9.195402298850574585e-02,0.000000000000000000e+00,1.962158374211632750e-01,1.304347826086956486e-01,1.665034280117531906e-01,8.808290155440413882e-02,9.638554216867470381e-02,1.279620853080568610e-01,6.481481481481481122e-02,0.000000000000000000e+00,2.099999999999999922e-01
7.017543859649122417e-02,0.000000000000000000e+00,2.077264091196960039e-01,5.882352941176470507e-02,1.564561734213006650e-01,1.118421052631578955e-01,7.575757575757575968e-02,1.100000000000000006e-01,2.083333333333333218e-02,5.555555555555555247e-02,1.279069767441860517e-01
1.320754716981132060e-01,5.882352941176470507e-02,2.063921993499458207e-01,4.545454545454545581e-02,1.581395348837209280e-01,8.965517241379310220e-02,8.695652173913043237e-02,1.329305135951661665e-01,8.695652173913043237e-02,3.448275862068965469e-02,1.075268817204301092e-01
5.714285714285714107e-02,0.000000000000000000e+00,2.137492778740612276e-01,0.000000000000000000e+00,1.615312791783380109e-01,8.374384236453201458e-02,1.777777777777777846e-01,1.308724832214765155e-01,5.084745762711864736e-02,3.225806451612903136e-02,1.803278688524590223e-01
2.631578947368420907e-02,0.000000000000000000e+00,2.047477744807121580e-01,1.000000000000000056e-01,1.608606557377049162e-01,5.217391304347825803e-02,8.176100628930817182e-02,1.592356687898089096e-01,4.000000000000000083e-02,0.000000000000000000e+00,9.615384615384615918e-02
1.428571428571428492e-01,7.142857142857142461e-02,2.075743048897411291e-01,0.000000000000000000e+00,1.534772182254196538e-01,1.250000000000000000e-01,7.142857142857142461e-02,1.136363636363636326e-01,5.084745762711864736e-02,6.666666666666666574e-02,1.166666666666666685e-01
1.034482758620689641e-01,0.000000000000000000e+00,2.015124555160142383e-01,1.250000000000000000e-01,1.625163826998689276e-01,8.403361344537815802e-02,6.024096385542168641e-02,1.068376068376068327e-01,1.111111111111111049e-01,0.000000000000000000e+00,1.951219512195122019e-01
1.739130434782608647e-01,0.000000000000000000e+00,2.021936099189318159e-01,0.000000000000000000e+00,1.594911937377690714e-01,7.766990291262135249e-02,6.410256410256409687e-02,8.536585365853659180e-02,5.128205128205128027e-02,5.555555555555555247e-02,2.500000000000000000e-01
0.000000000000000000e+00,1.111111111111111049e-01,2.022935779816513735e-01,0.000000000000000000e+00,1.689545934530095050e-01,1.216216216216216284e-01,8.536585365853659180e-02,1.452513966480447061e-01,1.063829787234042562e-01,5.000000000000000278e-02,1.499999999999999944e-01
0.000000000000000000e+00,0.000000000000000000e+00,2.060123784261715385e-01,1.666666666666666574e-01,1.792782305005820587e-01,1.017964071856287400e-01,7.142857142857142461e-02,1.176470588235294101e-01,1.025641025641025605e-01,0.000000000000000000e+00,1.515151515151515194e-01
0.000000000000000000e+00,0.000000000000000000e+00,1.983263598326359956e-01,0.000000000000000000e+00,1.406649616368286504e-01,8.333333333333332871e-02,7.594936708860759722e-02,1.392405063291139167e-01,2.941176470588235253e-02,0.000000000000000000e+00,1.818181818181818232e-01
9.090909090909091161e-02,0.000000000000000000e+00,2.142188961646398493e-01,0.000000000000000000e+00,1.688574317492416710e-01,1.000000000000000056e-01,1.538461538461538547e-01,1.354838709677419484e-01,2.702702702702702853e-02,1.111111111111111049e-01,2.258064516129032195e-01
0.000000000000000000e+00,0.000000000000000000e+00,2.130025662959794674e-01,0.000000000000000000e+00,1.658354114713216920e-01,1.147540983606557402e-01,1.093750000000000000e-01,1.333333333333333315e-01,2.631578947368420907e-02,1.818181818181818232e-01,1.176470588235294101e-01
2.000000000000000111e-01,0.000000000000000000e+00,1.967493584260051331e-01,0.000000000000000000e+00,1.588571428571428634e-01,7.086614173228346358e-02,7.017543859649122417e-02,1.260504201680672232e-01,7.407407407407406996e-02,1.428571428571428492e-01,9.375000000000000000e-02
1.666666666666666574e-01,2.000000000000000111e-01,2.000000000000000111e-01,0.000000000000000000e+00,1.527581329561527590e-01,7.894736842105262720e-02,8.333333333333332871e-02,1.380281690140845174e-01,0.000000000000000000e+00,9.090909090909091161e-02,1.707317073170731836e-01
0.000000000000000000e+00,0.000000000000000000e+00,2.059329320722269874e-01,1.428571428571428492e-01,1.646932185145317529e-01,1.641791044776119424e-01,4.545454545454545581e-02,1.401273885350318438e-01,8.333333333333332871e-02,0.000000000000000000e+00,1.199999999999999956e-01
8.333333333333332871e-02,0.000000000000000000e+00,2.067114093959731558e-01,3.333333333333333148e-01,1.661807580174927135e-01,1.754385964912280604e-01,4.878048780487805047e-02,8.108108108108108558e-02,6.451612903225806273e-02,0.000000000000000000e+00,6.666666666666666574e-02
2.000000000000000111e-01,2.000000000000000111e-01,2.057700466694951102e-01,1.111111111111111049e-01,1.609808102345415826e-01,4.687500000000000000e-02,7.575757575757575968e-02,1.621621621621621712e-01,1.578947368421052544e-01,1.428571428571428492e-01,0.000000000000000000e+00
1.250000000000000000e-01,0.000000000000000000e+00,2.077867118070249597e-01,0.000000000000000000e+00,1.574803149606299191e-01,7.812500000000000000e-02,5.555555555555555247e-02,1.345029239766081797e-01,4.000000000000000083e-02,0.000000000000000000e+00,8.000000000000000167e-02
2.000000000000000111e-01,0.000000000000000000e+00,2.068815331010452896e-01,0.000000000000000000e+00,1.645714285714285630e-01,8.510638297872340219e-02,7.407407407407406996e-02,1.519434628975264989e-01,7.692307692307692735e-02,0.000000000000000000e+00,1.333333333333333315e-01
1.428571428571428492e-01,0.000000000000000000e+00,2.054963084495488035e-01,0.000000000000000000e+00,1.679144385026737907e-01,7.894736842105262720e-02,7.142857142857142461e-02,1.333333333333333315e-01,4.347826086956521618e-02,0.000000000000000000e+00,2.000000000000000111e-01
7.142857142857142461e-02,0.000000000000000000e+00,2.043052837573385572e-01,0.000000000000000000e+00,1.614906832298136641e-01,1.454545454545454475e-01,7.692307692307692735e-02,1.219512195121951192e-01,0.000000000000000000e+00,1.111111111111111049e-01,1.499999999999999944e-01
0.000000000000000000e+00,0.000000000000000000e+00,2.036964215493511643e-01,0.000000000000000000e+00,1.682464454976303203e-01,1.428571428571428492e-01,9.677419354838709409e-02,9.473684210526316096e-02,1.666666666666666574e-01,3.333333333333333148e-01,1.052631578947368363e-01
0.000000000000000000e+00,0.000000000000000000e+00,2.067683153588694700e-01,0.000000000000000000e+00,1.614730878186968754e-01,9.523809523809523281e-02,1.818181818181818232e-01,1.011235955056179747e-01,5.882352941176470507e-02,0.000000000000000000e+00,1.578947368421052544e-01
