2.969747432694976319e-01
3.927282819872328634e-01
4.673882875381626389e-01
4.984734943102969718e-01
5.378850957535387112e-01
5.592561754093811066e-01
5.950596724951429106e-01
6.025534276991395544e-01
6.214265889536497722e-01
6.494587843463780485e-01
6.733277824035526216e-01
6.855398279211768475e-01
7.271718012767138806e-01
7.232861504301970612e-01
7.432694976408548149e-01
7.382736608381903487e-01
7.646405772966972103e-01
7.779628087704690831e-01
7.851790174854288429e-01
8.001665278934221304e-01
8.151540383014155289e-01
8.170968637246738275e-01
8.126561199000832403e-01
8.190396891479322372e-01
8.501248959200665700e-01
8.498473494310296861e-01
8.506799888981404489e-01
8.601165695253955024e-01
8.556758257008049151e-01
8.587288370802109716e-01
