1.729114626699972124e-01
1.623646960865945121e-01
1.659728004440743920e-01
1.526505689703025193e-01
1.643075215098528941e-01
1.557035803497085757e-01
1.756869275603663572e-01
1.745767416042187103e-01
1.648626144879267175e-01
1.762420205384401806e-01
1.801276713849569722e-01
1.823480432972522935e-01
1.826255897862892053e-01
1.817929503191784701e-01
1.831806827643630287e-01
1.890091590341382299e-01
1.779072994726616785e-01
1.854010546766583500e-01
1.912295309464335236e-01
1.923397169025811704e-01
1.876214265889536437e-01
1.873438800999167320e-01
1.953927282819872269e-01
1.945600888148764918e-01
1.951151817929503152e-01
1.815154038301415584e-01
1.806827643630307956e-01
1.901193449902858768e-01
1.829031362753261170e-01
1.912295309464335236e-01
