2.975298362475714553e-01
3.744102137107965800e-01
4.113238967527060863e-01
4.587843463780182929e-01
4.943102969747432684e-01
5.067998889814043784e-01
5.226200388565084287e-01
5.448237579794615870e-01
5.664723841243408664e-01
5.784068831529280974e-01
5.806272550652233910e-01
5.947821260061060267e-01
6.133777407715792496e-01
6.200388565084651304e-01
6.378018318068275905e-01
6.275326117124618852e-01
6.602830974188176327e-01
6.611157368859283956e-01
6.708298640022203330e-01
6.697196780460726862e-01
7.002497918401332511e-01
6.625034693311129264e-01
6.922009436580627284e-01
7.038578961976130755e-01
7.074660005550930109e-01
7.268942547876768856e-01
7.379961143491534648e-01
7.132944768248681289e-01
7.413266722175964052e-01
7.341104635026366454e-01
