2.842076047737996380e-01
3.769081321121287576e-01
4.346378018318068359e-01
4.782126006106022786e-01
5.187343880099917204e-01
5.667499306133777504e-01
5.922842076047738491e-01
6.128226477935053707e-01
6.422425756314182888e-01
6.744379683597002684e-01
7.027477102414654286e-01
7.274493477657507645e-01
7.577019150707743345e-01
7.607549264501803910e-01
7.824035525950596703e-01
7.982237024701637207e-01
8.232028864834859405e-01
8.240355259505967034e-01
8.595614765473216234e-01
8.562309186788786830e-01
8.651124063280599685e-01
8.800999167360532560e-01
8.673327782403552622e-01
9.028587288370801822e-01
9.028587288370801822e-01
8.989730779905634739e-01
9.070219261726338855e-01
9.333888426311407471e-01
9.275603663613655181e-01
9.267277268942547552e-01
