2.203719122953094744e-01
1.942825423258395801e-01
1.876214265889536437e-01
1.987232861504301951e-01
1.867887871218429086e-01
1.917846239245073470e-01
2.009436580627255164e-01
1.978906466833194600e-01
1.937274493477657566e-01
1.851235081876214383e-01
1.973355537052456365e-01
1.854010546766583500e-01
1.951151817929503152e-01
1.981681931723563717e-01
1.915070774354704353e-01
1.909519844573966119e-01
1.876214265889536437e-01
1.942825423258395801e-01
1.934499028587288449e-01
1.948376353039134035e-01
1.915070774354704353e-01
1.951151817929503152e-01
1.848459616985845266e-01
1.934499028587288449e-01
1.856786011656952617e-01
1.987232861504301951e-01
1.923397169025811704e-01
1.867887871218429086e-01
1.959478212600610503e-01
1.926172633916181098e-01
