6.557377049180328210e-02,0.000000000000000000e+00,2.515506547208821719e-01,2.500000000000000000e-01,1.700680272108843483e-01,1.231343283582089498e-01,1.104651162790697694e-01,1.480582524271844558e-01,1.384615384615384692e-01,1.764705882352941291e-01,2.878048780487804659e-01
2.439024390243902524e-02,0.000000000000000000e+00,3.113207547169811185e-01,0.000000000000000000e+00,1.992337164750957734e-01,1.824561403508772051e-01,1.330049261083743883e-01,2.142857142857142738e-01,3.522727272727272929e-01,2.500000000000000000e-01,4.730290456431535118e-01
1.785714285714285754e-01,0.000000000000000000e+00,3.391655450874832001e-01,0.000000000000000000e+00,2.125480153649167703e-01,2.315789473684210509e-01,1.798561151079136611e-01,2.240566037735849114e-01,4.216867469879518326e-01,1.538461538461538547e-01,4.752851711026616077e-01
1.538461538461538547e-01,2.000000000000000111e-01,3.573956121726822310e-01,0.000000000000000000e+00,2.266666666666666552e-01,2.005899705014749235e-01,2.307692307692307820e-01,2.579185520361991224e-01,4.761904761904761640e-01,2.156862745098039325e-01,5.060728744939271273e-01
1.250000000000000000e-01,0.000000000000000000e+00,3.541374474053295973e-01,2.000000000000000111e-01,2.448418156808803425e-01,1.981707317073170826e-01,2.956989247311828106e-01,2.416666666666666685e-01,5.161290322580645018e-01,2.222222222222222099e-01,5.550239234449760861e-01
3.555555555555555691e-01,0.000000000000000000e+00,3.800440205429200247e-01,1.764705882352941291e-01,2.712328767123287632e-01,2.465373961218836618e-01,2.638888888888888951e-01,2.494577006507592287e-01,6.190476190476190688e-01,3.287671232876712146e-01,5.020746887966804906e-01
3.428571428571428603e-01,0.000000000000000000e+00,3.858156028368794344e-01,2.857142857142856984e-01,2.760646108663729614e-01,2.240896358543417455e-01,2.435233160621761705e-01,3.036529680365296913e-01,6.264367816091953589e-01,3.195876288659793563e-01,5.761904761904761418e-01
2.909090909090908950e-01,3.333333333333333148e-01,3.857545839210155258e-01,1.666666666666666574e-01,2.902735562310030382e-01,3.119533527696792818e-01,2.903225806451613100e-01,3.012048192771084598e-01,5.561497326203208580e-01,3.333333333333333148e-01,6.173469387755101678e-01
2.884615384615384359e-01,0.000000000000000000e+00,4.304281345565749151e-01,0.000000000000000000e+00,2.839506172839506015e-01,3.268698060941828132e-01,3.170731707317073211e-01,3.148936170212766061e-01,6.036585365853658347e-01,3.037974683544303889e-01,5.796460176991150570e-01
3.469387755102040782e-01,0.000000000000000000e+00,4.072727272727272863e-01,2.500000000000000000e-01,2.978723404255319007e-01,3.074866310160427885e-01,3.775510204081632404e-01,3.761261261261261146e-01,6.043956043956043578e-01,4.545454545454545303e-01,6.165048543689319871e-01
4.153846153846154077e-01,2.000000000000000111e-01,4.029304029304029422e-01,5.882352941176470507e-02,2.992481203007518742e-01,3.246753246753246724e-01,3.835616438356164171e-01,4.133663366336633449e-01,6.683168316831683553e-01,3.619047619047618958e-01,5.403225806451612545e-01
3.623188405797101441e-01,7.142857142857142461e-02,4.142961342086068366e-01,2.000000000000000111e-01,3.371592539454806303e-01,3.518518518518518601e-01,3.930131004366811953e-01,4.307692307692307931e-01,6.794871794871795156e-01,4.494382022471909988e-01,5.245901639344262568e-01
3.974358974358974117e-01,0.000000000000000000e+00,4.265635980323260745e-01,4.166666666666666852e-01,3.630252100840336005e-01,3.644314868804664487e-01,4.119999999999999774e-01,4.215938303341902338e-01,6.723163841807909824e-01,4.705882352941176405e-01,6.009174311926605005e-01
4.179104477611940149e-01,1.666666666666666574e-01,4.225037257824142967e-01,3.823529411764705621e-01,3.511811023622047334e-01,3.561253561253561184e-01,4.703196347031963209e-01,3.825665859564164606e-01,7.315789473684211064e-01,4.375000000000000000e-01,5.480000000000000426e-01
4.186046511627907196e-01,2.999999999999999889e-01,4.337641357027463562e-01,3.170731707317073211e-01,3.462783171521035541e-01,3.680981595092024383e-01,4.122807017543859698e-01,3.314814814814814881e-01,7.239583333333333703e-01,3.783783783783783994e-01,6.525821596244131273e-01
4.000000000000000222e-01,2.105263157894736725e-01,4.299847792998477969e-01,3.809523809523809312e-01,3.516129032258064613e-01,4.126506024096385783e-01,4.541832669322709015e-01,4.200913242009132187e-01,7.216494845360824639e-01,4.408602150537634379e-01,6.545454545454545414e-01
4.651162790697674354e-01,3.076923076923077094e-01,4.162436548223350519e-01,3.666666666666666408e-01,4.156729131175468384e-01,4.043209876543210068e-01,4.430379746835442778e-01,3.981264637002341900e-01,7.288135593220338437e-01,4.666666666666666741e-01,6.188340807174887992e-01
5.145631067961164984e-01,0.000000000000000000e+00,4.328703703703703498e-01,4.102564102564102422e-01,3.969594594594594850e-01,4.000000000000000222e-01,5.280000000000000249e-01,4.788732394366196909e-01,7.500000000000000000e-01,5.317460317460317443e-01,6.621004566210045850e-01
5.643564356435643026e-01,3.846153846153846367e-01,4.632352941176470784e-01,3.913043478260869734e-01,3.708029197080291994e-01,4.683908045977011603e-01,5.166666666666667185e-01,5.000000000000000000e-01,7.589743589743589425e-01,5.047619047619047450e-01,6.470588235294117974e-01
5.319148936170212671e-01,3.333333333333333148e-01,4.831460674157303514e-01,4.594594594594594850e-01,4.005763688760806684e-01,3.922651933701657434e-01,5.551020408163265252e-01,4.869358669833729336e-01,7.282051282051281715e-01,4.786324786324786529e-01,5.589353612167300422e-01
5.726495726495726135e-01,1.666666666666666574e-01,4.649629018961253246e-01,4.571428571428571286e-01,3.755395683453237599e-01,4.844720496894410200e-01,5.529411764705882693e-01,4.762979683972912159e-01,7.403314917127071793e-01,4.851485148514851353e-01,6.995515695067264783e-01
5.102040816326530726e-01,3.333333333333333148e-01,4.522494080505130021e-01,4.117647058823529216e-01,4.394463667820069364e-01,4.223433242506812180e-01,5.019011406844106071e-01,5.011494252873562871e-01,7.391304347826086474e-01,5.042016806722688926e-01,6.219512195121951192e-01
5.471698113207547065e-01,3.333333333333333148e-01,4.746887966804979042e-01,5.483870967741935054e-01,4.190871369294605908e-01,4.534883720930232287e-01,6.025641025641025328e-01,4.825986078886310704e-01,7.760416666666666297e-01,5.140186915887849928e-01,7.136563876651982330e-01
5.208333333333333703e-01,5.555555555555555802e-01,4.517345399698340924e-01,6.181818181818181657e-01,4.453924914675768121e-01,4.797687861271676124e-01,5.424354243542435228e-01,5.744125326370757012e-01,7.661691542288556755e-01,5.321100917431192956e-01,6.742081447963801377e-01
5.500000000000000444e-01,3.125000000000000000e-01,4.745901639344262124e-01,5.384615384615384359e-01,4.115226337448559812e-01,5.128205128205127750e-01,6.470588235294117974e-01,5.535248041775456818e-01,7.711442786069652167e-01,5.877192982456140857e-01,5.936254980079681554e-01
5.688073394495413160e-01,5.000000000000000000e-01,4.804241435562806029e-01,4.883720930232557933e-01,4.167916041979010666e-01,4.746835443037974445e-01,6.589147286821704919e-01,5.248226950354609732e-01,7.889447236180904266e-01,6.178861788617886486e-01,7.174887892376681231e-01
6.363636363636363535e-01,4.444444444444444198e-01,4.624413145539906234e-01,4.909090909090909061e-01,4.590690208667737027e-01,4.797687861271676124e-01,6.297872340425532123e-01,5.394402035623410141e-01,7.750000000000000222e-01,5.405405405405405705e-01,6.771300448430492835e-01
6.991150442477875870e-01,3.793103448275861878e-01,4.734337827121332110e-01,6.500000000000000222e-01,4.520766773162939178e-01,5.309734513274336765e-01,6.638655462184873679e-01,5.320197044334975534e-01,7.746478873239436291e-01,6.120689655172413257e-01,7.387387387387387427e-01
6.083333333333332815e-01,3.333333333333333148e-01,4.634896233666410681e-01,5.952380952380952328e-01,4.826498422712933722e-01,5.509554140127388422e-01,6.808510638297872175e-01,6.276041666666666297e-01,7.598039215686274161e-01,6.147540983606557541e-01,7.289719626168223998e-01
6.507936507936508130e-01,5.882352941176470784e-01,4.574626865671641562e-01,6.666666666666666297e-01,5.457809694793537281e-01,5.660377358490565891e-01,6.370656370656370138e-01,5.797468354430379556e-01,7.979797979797980112e-01,5.213675213675214026e-01,7.236842105263158187e-01
6.030534351145038219e-01,4.074074074074073848e-01,4.661949685534590992e-01,5.937500000000000000e-01,4.781250000000000222e-01,5.374999999999999778e-01,7.165991902834007998e-01,5.972972972972973027e-01,7.908163265306122902e-01,5.625000000000000000e-01,7.232142857142856984e-01
7.119999999999999662e-01,6.363636363636363535e-01,4.663133989401967994e-01,5.227272727272727071e-01,5.585585585585585155e-01,5.581395348837209225e-01,6.932773109243697274e-01,6.487935656836461007e-01,8.254716981132075304e-01,5.508474576271186196e-01,6.454183266932270735e-01
6.904761904761904656e-01,4.444444444444444198e-01,4.658054711246200630e-01,6.607142857142856984e-01,5.540540540540540571e-01,5.273311897106108814e-01,6.465863453815261508e-01,6.809651474530831194e-01,8.520408163265306145e-01,6.461538461538461897e-01,7.312775330396475981e-01
6.111111111111111605e-01,4.814814814814814548e-01,4.668630338733431584e-01,5.789473684210526550e-01,6.119999999999999885e-01,5.701219512195121464e-01,7.242798353909465359e-01,6.237113402061855716e-01,8.403755868544601215e-01,6.500000000000000222e-01,7.644444444444444819e-01
6.739130434782608647e-01,3.333333333333333148e-01,5.036674816625916762e-01,4.912280701754385692e-01,5.844827586206896575e-01,4.971751412429378791e-01,7.394636015325670719e-01,5.446009389671361278e-01,8.069306930693069813e-01,5.966386554621848637e-01,7.641509433962264675e-01
7.058823529411765163e-01,4.583333333333333148e-01,4.738058551617873593e-01,5.806451612903226200e-01,5.628318584070796105e-01,5.534591194968553340e-01,7.188755020080320746e-01,6.243523316062176143e-01,8.113207547169811740e-01,6.106870229007633766e-01,7.837837837837837718e-01
7.279411764705882026e-01,4.827586206896551935e-01,4.872586872586872619e-01,5.625000000000000000e-01,5.692041522491348982e-01,5.914634146341463117e-01,6.353383458646616466e-01,6.771428571428571574e-01,8.084112149532710623e-01,6.440677966101694407e-01,7.022222222222221921e-01
8.014705882352941568e-01,6.750000000000000444e-01,4.828926905132192582e-01,5.970149253731342753e-01,6.057347670250896599e-01,6.470588235294117974e-01,7.333333333333332815e-01,6.778350515463917869e-01,8.090452261306532167e-01,6.864406779661016422e-01,7.489361702127659282e-01
7.132867132867133364e-01,5.999999999999999778e-01,5.212389380530974003e-01,6.440677966101694407e-01,4.847222222222222210e-01,5.650887573964497035e-01,7.461538461538461675e-01,6.954177897574124190e-01,8.449999999999999734e-01,6.885245901639344135e-01,7.391304347826086474e-01
7.625899280575539896e-01,4.705882352941176405e-01,4.992050874403815564e-01,6.400000000000000133e-01,5.831903945111491794e-01,5.993883792048929626e-01,7.014925373134328623e-01,7.223719676549865687e-01,8.689320388349514035e-01,6.347826086956521729e-01,7.400881057268722252e-01
7.611940298507462455e-01,5.500000000000000444e-01,5.183917878528656598e-01,6.111111111111111605e-01,5.364741641337386069e-01,6.242236024844720621e-01,7.660377358490566557e-01,6.587926509186351476e-01,7.981220657276995034e-01,7.213114754098360892e-01,7.621145374449339593e-01
7.549668874172185129e-01,5.277777777777777901e-01,5.092748735244518876e-01,6.833333333333333481e-01,5.086206896551723755e-01,6.734006734006734440e-01,8.000000000000000444e-01,7.222222222222222099e-01,8.632075471698112956e-01,6.803278688524589946e-01,7.605633802816901268e-01
7.945205479452054353e-01,5.918367346938775420e-01,5.217762596071733316e-01,6.901408450704225039e-01,5.222551928783383257e-01,6.727828746177370034e-01,7.651821862348178183e-01,7.024128686327077986e-01,8.883495145631068457e-01,6.788990825688073771e-01,7.695652173913043459e-01
7.794117647058823595e-01,6.086956521739130821e-01,5.012087026591458550e-01,6.666666666666666297e-01,5.576036866359447286e-01,6.149068322981366963e-01,8.075313807531381283e-01,7.493112947658402412e-01,8.426395939086294140e-01,7.652173913043478493e-01,7.869565217391304435e-01
8.150684931506849695e-01,5.000000000000000000e-01,4.947958366693354648e-01,7.142857142857143016e-01,6.152623211446740514e-01,6.478405315614618187e-01,7.565543071161048294e-01,6.936416184971098131e-01,8.750000000000000000e-01,6.846153846153846256e-01,7.834101382488479759e-01
7.450980392156862919e-01,6.250000000000000000e-01,4.925490196078431415e-01,6.166666666666666963e-01,6.090604026845637398e-01,6.146496815286623949e-01,7.790697674418605168e-01,6.738544474393530770e-01,8.835978835978836043e-01,7.235772357723577741e-01,7.857142857142856984e-01
8.239436619718309984e-01,6.956521739130434590e-01,5.109135004042036909e-01,7.500000000000000000e-01,6.306913996627319108e-01,6.963696369636963590e-01,7.904411764705882026e-01,6.465968586387434991e-01,8.990384615384615641e-01,7.903225806451612545e-01,7.796610169491525744e-01
7.664233576642335288e-01,7.500000000000000000e-01,5.032840722495894870e-01,6.268656716417910779e-01,5.505617977528090012e-01,6.743421052631578538e-01,7.913385826771653919e-01,7.357512953367875141e-01,8.779342723004694982e-01,7.666666666666667185e-01,7.510548523206751481e-01
7.870967741935483986e-01,6.888888888888888840e-01,4.891304347826087029e-01,7.538461538461538325e-01,6.247787610619468524e-01,6.793650793650793940e-01,7.416974169741696876e-01,7.521613832853025761e-01,8.800000000000000044e-01,7.368421052631578538e-01,8.025210084033613800e-01
7.874999999999999778e-01,6.326530612244898322e-01,5.268166089965398147e-01,6.986301369863013866e-01,6.074313408723748253e-01,6.496815286624203489e-01,7.269503546099290725e-01,7.172774869109947993e-01,8.672985781990520948e-01,7.086614173228346081e-01,7.913043478260869401e-01
7.870967741935483986e-01,7.894736842105263275e-01,4.992424242424242653e-01,7.826086956521739468e-01,6.887661141804788389e-01,6.940789473684210176e-01,8.054474708171206476e-01,7.533875338753387441e-01,9.162561576354679715e-01,7.542372881355932090e-01,7.973568281938325786e-01
8.273809523809523281e-01,7.818181818181818565e-01,5.547640249332146389e-01,7.605633802816901268e-01,5.496402877697841305e-01,6.968750000000000222e-01,8.110236220472440971e-01,7.738419618528610266e-01,8.942307692307692735e-01,8.067226890756302726e-01,8.295964125560537639e-01
8.129032258064515792e-01,7.735849056603774088e-01,5.221465076660988247e-01,7.121212121212121549e-01,6.239600665557404335e-01,6.747720364741641719e-01,7.538461538461538325e-01,6.616915422885571996e-01,8.660287081339712589e-01,7.822580645161290036e-01,8.217391304347826386e-01
8.193548387096774022e-01,7.297297297297297147e-01,5.325602140945584484e-01,7.466666666666667007e-01,5.754437869822485174e-01,6.923076923076922906e-01,7.644787644787645053e-01,6.674999999999999822e-01,8.672985781990520948e-01,7.249999999999999778e-01,8.016877637130801482e-01
8.036809815950920477e-01,7.142857142857143016e-01,5.007763975155279379e-01,7.162162162162162282e-01,6.962699822380106207e-01,7.394136807817589530e-01,8.600823045267489420e-01,7.176781002638522589e-01,8.867924528301887044e-01,8.173913043478261420e-01,8.523809523809523503e-01
8.518518518518518601e-01,8.125000000000000000e-01,5.834127740705433718e-01,6.944444444444444198e-01,5.159642401021711233e-01,7.384105960264900625e-01,8.260869565217391353e-01,7.912087912087911734e-01,8.888888888888888395e-01,6.111111111111111605e-01,8.364485981308411588e-01
8.366013071895425091e-01,7.647058823529411242e-01,5.669077757685352381e-01,7.162162162162162282e-01,5.471956224350205122e-01,6.993464052287581278e-01,8.136882129277566156e-01,7.647058823529411242e-01,8.930232558139534760e-01,7.666666666666667185e-01,8.458149779735683049e-01
8.853503184713376051e-01,7.234042553191489811e-01,5.044444444444444731e-01,7.536231884057971175e-01,7.509881422924901129e-01,7.365079365079365559e-01,8.085937500000000000e-01,7.956403269754768193e-01,9.068627450980392135e-01,7.500000000000000000e-01,8.396226415094339979e-01
8.598726114649681840e-01,8.541666666666666297e-01,5.155875299760191988e-01,7.464788732394366244e-01,6.709090909090908994e-01,7.676767676767676241e-01,8.205128205128204844e-01,6.858513189448440794e-01,8.672985781990520948e-01,7.982456140350877583e-01,8.411214953271027861e-01
8.311688311688312236e-01,8.125000000000000000e-01,5.082482325216025609e-01,7.391304347826086474e-01,6.715867158671586790e-01,7.541528239202658357e-01,7.347670250896057853e-01,7.036082474226804662e-01,8.732394366197182567e-01,7.952755905511811330e-01,8.468899521531100261e-01
8.607594936708861111e-01,7.884615384615384359e-01,5.528888888888888742e-01,7.792207792207792583e-01,6.009104704097116834e-01,7.344262295081966929e-01,8.604651162790697416e-01,7.108433734939758608e-01,9.065420560747663448e-01,8.416666666666666741e-01,8.499999999999999778e-01
8.805031446540880768e-01,7.674418604651163101e-01,5.530434782608695254e-01,7.313432835820895539e-01,5.831024930747922275e-01,7.459283387622149819e-01,8.366533864541833010e-01,7.982954545454545858e-01,8.866995073891625889e-01,7.750000000000000222e-01,8.296943231441048505e-01
8.165680473372780579e-01,8.125000000000000000e-01,5.773864689527340444e-01,7.848101265822784445e-01,5.966850828729282075e-01,7.788778877887788665e-01,8.208955223880597396e-01,8.392370572207084045e-01,9.190476190476190022e-01,8.000000000000000444e-01,8.225108225108225257e-01
8.805031446540880768e-01,7.199999999999999734e-01,5.470890410958904049e-01,7.792207792207792583e-01,6.349453978159126377e-01,7.199999999999999734e-01,8.438661710037175245e-01,8.038674033149171283e-01,9.223300970873786753e-01,8.292682926829267887e-01,8.654708520179371645e-01
8.727272727272726849e-01,7.090909090909091050e-01,5.268214571657325873e-01,8.695652173913043237e-01,6.967071057192374406e-01,7.972972972972972583e-01,8.539325842696628976e-01,8.501362397820163563e-01,9.186602870813397326e-01,8.017241379310344751e-01,8.626609442060085842e-01
8.535031847133758287e-01,7.600000000000000089e-01,5.213537469782433265e-01,7.419354838709677491e-01,7.071057192374350375e-01,6.627565982404691747e-01,8.661417322834645827e-01,8.338028169014084501e-01,9.178082191780821963e-01,7.967479674796748013e-01,8.392857142857143016e-01
8.827160493827160836e-01,8.181818181818182323e-01,5.947775628626692512e-01,7.611940298507462455e-01,6.412884333821375904e-01,6.891495601173021068e-01,8.996282527881040991e-01,6.772009029345372744e-01,8.944954128440366636e-01,8.303571428571429047e-01,8.447488584474885931e-01
8.571428571428570953e-01,8.367346938775510612e-01,5.721973094170403895e-01,7.974683544303797778e-01,5.775862068965517127e-01,7.082066869300911449e-01,8.623481781376518551e-01,8.230337078651684957e-01,9.118942731277532854e-01,8.468468468468468568e-01,8.495575221238937935e-01
8.834355828220858964e-01,7.555555555555555358e-01,5.503810330228620096e-01,8.656716417910447214e-01,6.494522691705790773e-01,7.243589743589743390e-01,7.811320754716981618e-01,8.031914893617021489e-01,8.954545454545455030e-01,8.130081300813007950e-01,8.773584905660377631e-01
8.653846153846154188e-01,8.461538461538461453e-01,5.609137055837563057e-01,7.866666666666666252e-01,7.081174438687392048e-01,8.129251700680272252e-01,7.928571428571428159e-01,6.921241050119332217e-01,9.170506912442396574e-01,8.125000000000000000e-01,9.140271493212669407e-01
8.653846153846154188e-01,7.500000000000000000e-01,5.612416107382550701e-01,8.205128205128204844e-01,6.682615629984051120e-01,8.073089700996677331e-01,8.625954198473282375e-01,8.241758241758241343e-01,8.837209302325581550e-01,7.731092436974790205e-01,8.969957081545064659e-01
8.251366120218579514e-01,8.301886792452830566e-01,5.581597222222222099e-01,8.082191780821917915e-01,6.812080536912751283e-01,7.880794701986755246e-01,8.735632183908046411e-01,7.493670886075949333e-01,9.094827586206896131e-01,8.534482758620689502e-01,7.916666666666666297e-01
8.364779874213836841e-01,8.245614035087719396e-01,5.307125307125306612e-01,7.439024390243902385e-01,7.949218750000000000e-01,8.076923076923077094e-01,8.430656934306569594e-01,6.852678571428570953e-01,9.041095890410958402e-01,8.852459016393442459e-01,8.878923766816143592e-01
8.816568047337277614e-01,8.599999999999999867e-01,5.480033984706882411e-01,8.441558441558441039e-01,6.994818652849741358e-01,7.072463768115941907e-01,8.913857677902621290e-01,8.136482939632545541e-01,9.471153846153845812e-01,8.593750000000000000e-01,8.693693693693693714e-01
9.152542372881355970e-01,8.367346938775510612e-01,5.309150865622423998e-01,8.593750000000000000e-01,6.936026936026935541e-01,8.237288135593220373e-01,8.697318007662835360e-01,7.678571428571429047e-01,9.154929577464788748e-01,8.159999999999999476e-01,8.863636363636363535e-01
8.841463414634146423e-01,8.593750000000000000e-01,5.260700389105058550e-01,8.032786885245901676e-01,7.703435804701627143e-01,8.107255520504731416e-01,8.759398496240601295e-01,8.518518518518518601e-01,8.962264150943396457e-01,8.960000000000000187e-01,9.268292682926829729e-01
8.750000000000000000e-01,8.599999999999999867e-01,5.615453728661276012e-01,8.809523809523809312e-01,6.022727272727272929e-01,8.078175895765472569e-01,8.834586466165413876e-01,7.896103896103896513e-01,9.282051282051282382e-01,8.376068376068376287e-01,8.565217391304348338e-01
8.860759493670885556e-01,8.490566037735849392e-01,5.851851851851851416e-01,8.333333333333333703e-01,6.084583901773533698e-01,7.413249211356467416e-01,9.042145593869731490e-01,8.210227272727272929e-01,9.170305676855895483e-01,7.886178861788617489e-01,8.949771689497716398e-01
9.192546583850931263e-01,7.931034482758620996e-01,5.937202664129400675e-01,8.227848101265823333e-01,5.892857142857143016e-01,8.116883116883116811e-01,8.888888888888888395e-01,7.890625000000000000e-01,9.170506912442396574e-01,8.455284552845528934e-01,8.669527896995707916e-01
8.800000000000000044e-01,8.545454545454544970e-01,5.617173524150268493e-01,8.076923076923077094e-01,6.432926829268292845e-01,7.750759878419453131e-01,8.984375000000000000e-01,7.544757033248081779e-01,9.201877934272300052e-01,7.948717948717948234e-01,8.930232558139534760e-01
