4.166666666666666435e-02,0.000000000000000000e+00,2.738351254480286823e-01,0.000000000000000000e+00,1.661375661375661394e-01,1.732851985559566710e-01,1.250000000000000000e-01,1.632124352331606187e-01,2.252252252252252285e-01,2.000000000000000111e-01,3.909090909090909283e-01
1.428571428571428492e-01,0.000000000000000000e+00,3.064085447263017459e-01,0.000000000000000000e+00,2.120838471023427929e-01,2.000000000000000111e-01,1.284916201117318468e-01,2.174999999999999989e-01,4.060150375939849399e-01,2.121212121212121271e-01,4.504504504504504570e-01
1.199999999999999956e-01,0.000000000000000000e+00,3.214990138067060910e-01,1.666666666666666574e-01,2.012121212121212033e-01,2.300000000000000100e-01,1.911764705882352811e-01,2.815533980582524132e-01,4.295774647887323772e-01,2.380952380952380820e-01,5.502392344497607501e-01
1.666666666666666574e-01,0.000000000000000000e+00,3.660041124057573647e-01,1.538461538461538547e-01,2.427184466019417508e-01,2.222222222222222099e-01,2.349397590361445853e-01,2.819905213270142430e-01,4.000000000000000222e-01,2.241379310344827624e-01,5.176991150442478151e-01
2.857142857142856984e-01,3.333333333333333148e-01,3.499671700590938905e-01,2.307692307692307820e-01,2.622699386503067331e-01,2.739273927392739116e-01,2.692307692307692180e-01,2.762148337595907721e-01,5.679012345679012030e-01,2.586206896551724310e-01,4.705882352941176405e-01
1.666666666666666574e-01,0.000000000000000000e+00,3.504823151125401881e-01,1.333333333333333315e-01,2.810902896081771685e-01,2.493074792243767379e-01,2.938144329896907325e-01,3.302107728337236314e-01,5.882352941176470784e-01,3.437500000000000000e-01,5.668202764976958408e-01
2.500000000000000000e-01,0.000000000000000000e+00,4.101620029455080862e-01,1.578947368421052544e-01,2.666666666666666630e-01,3.201320132013201203e-01,3.174603174603174427e-01,3.594771241830065356e-01,5.776397515527950111e-01,3.809523809523809312e-01,5.794392523364485514e-01
2.999999999999999889e-01,2.500000000000000000e-01,3.780918727915194566e-01,4.074074074074073848e-01,3.225331369661266767e-01,3.343465045592705076e-01,3.018867924528301772e-01,3.782505910165484542e-01,6.602564102564102422e-01,3.894736842105263053e-01,5.829596412556053986e-01
2.432432432432432567e-01,0.000000000000000000e+00,4.056103108415466396e-01,3.913043478260869734e-01,2.984293193717277304e-01,3.343023255813953321e-01,3.838862559241706385e-01,3.799533799533799661e-01,6.470588235294117974e-01,3.978494623655913776e-01,5.701754385964912242e-01
4.561403508771929571e-01,0.000000000000000000e+00,3.970170454545454697e-01,3.333333333333333148e-01,3.422619047619047672e-01,3.703703703703703498e-01,4.213197969543147070e-01,3.617977528089887373e-01,6.863905325443786509e-01,4.489795918367346927e-01,6.091370558375635014e-01
4.893617021276595591e-01,0.000000000000000000e+00,3.874058863791923213e-01,2.727272727272727071e-01,3.603448275862068950e-01,3.095890410958904160e-01,4.072164948453608213e-01,3.727678571428571508e-01,6.589595375722543391e-01,4.361702127659574657e-01,6.100917431192660612e-01
2.888888888888888618e-01,2.500000000000000000e-01,4.395191585274230150e-01,3.181818181818181768e-01,3.686786296900489424e-01,3.789173789173789220e-01,4.489795918367346927e-01,3.949579831932772955e-01,6.538461538461538547e-01,3.333333333333333148e-01,5.868544600938967459e-01
3.676470588235294379e-01,0.000000000000000000e+00,4.022906227630637099e-01,2.352941176470588203e-01,3.516819571865443250e-01,3.636363636363636465e-01,4.150943396226415283e-01,4.611764705882352988e-01,7.195121951219511924e-01,4.946236559139784994e-01,6.492890995260663933e-01
3.793103448275861878e-01,3.333333333333333148e-01,4.196625091709464406e-01,3.793103448275861878e-01,3.669724770642202039e-01,4.267100977198697298e-01,4.439461883408071796e-01,4.147465437788018239e-01,6.999999999999999556e-01,4.351851851851851749e-01,6.307053941908713490e-01
1.799999999999999933e-01,3.076923076923077094e-01,4.307205067300078905e-01,4.444444444444444198e-01,3.467261904761904656e-01,4.381270903010033302e-01,4.710424710424710448e-01,4.317269076305220721e-01,6.842105263157894912e-01,5.566037735849056478e-01,6.346153846153845812e-01
5.000000000000000000e-01,2.307692307692307820e-01,4.312546957175056317e-01,4.255319148936170248e-01,3.834586466165413321e-01,4.332247557003257588e-01,5.333333333333333259e-01,4.482758620689655249e-01,7.354497354497354644e-01,4.736842105263157632e-01,6.322869955156951161e-01
3.797468354430380000e-01,3.157894736842105088e-01,4.086502609992542778e-01,4.285714285714285476e-01,3.800000000000000044e-01,4.105571847507331618e-01,5.230125523012552069e-01,4.798994974874372099e-01,7.641025641025640525e-01,5.089285714285713969e-01,6.368159203980099381e-01
5.312500000000000000e-01,2.857142857142856984e-01,4.267605633802816767e-01,4.249999999999999889e-01,4.328358208955223607e-01,4.096385542168674565e-01,5.616438356164383805e-01,4.665071770334928147e-01,7.037037037037037202e-01,5.049504950495049549e-01,6.060606060606060774e-01
5.799999999999999600e-01,4.444444444444444198e-01,4.506172839506172867e-01,4.358974358974359031e-01,3.985401459854014394e-01,4.953560371517027883e-01,5.582329317269075775e-01,4.772182254196642437e-01,7.500000000000000000e-01,5.315315315315315425e-01,6.780487804878049252e-01
4.946236559139784994e-01,3.333333333333333148e-01,4.432597105864432563e-01,3.947368421052631637e-01,4.093023255813953432e-01,4.537037037037037202e-01,6.016949152542372392e-01,4.795180722891566050e-01,7.085714285714285188e-01,5.590551181102362266e-01,7.314814814814815103e-01
5.363636363636363757e-01,4.090909090909091161e-01,4.588709677419354760e-01,3.793103448275861878e-01,4.285714285714285476e-01,4.711246200607902557e-01,5.317460317460317443e-01,4.797297297297297147e-01,7.600000000000000089e-01,5.749999999999999556e-01,6.772727272727272485e-01
4.955752212389380462e-01,2.307692307692307820e-01,4.897260273972602884e-01,5.102040816326530726e-01,4.253393665158370918e-01,4.723756906077348217e-01,6.130434782608695787e-01,4.589473684210526039e-01,7.552083333333333703e-01,5.754716981132075304e-01,6.810344827586206629e-01
5.463917525773195338e-01,2.380952380952380820e-01,4.684756584197924956e-01,3.958333333333333148e-01,4.460093896713615003e-01,5.115511551155115244e-01,5.799999999999999600e-01,4.772234273318872178e-01,7.485714285714285543e-01,5.677966101694915668e-01,6.470588235294117974e-01
6.166666666666666963e-01,5.263157894736841813e-01,4.591760299625468056e-01,5.937500000000000000e-01,5.495867768595040781e-01,5.094936708860760000e-01,6.196078431372549211e-01,5.110132158590308116e-01,7.598039215686274161e-01,6.050420168067226490e-01,6.394849785407725751e-01
6.216216216216216006e-01,4.347826086956521618e-01,4.631245043616177837e-01,4.390243902439024404e-01,4.799999999999999822e-01,5.000000000000000000e-01,6.276150627615062483e-01,5.448275862068965303e-01,7.634408602150537515e-01,5.749999999999999556e-01,6.893617021276595702e-01
5.655737704918032405e-01,4.375000000000000000e-01,4.527559055118109965e-01,4.871794871794871695e-01,4.614147909967845629e-01,5.112540192926045002e-01,6.054687500000000000e-01,6.171284634760705323e-01,7.090909090909091050e-01,6.785714285714286031e-01,6.801801801801802272e-01
6.393442622950820109e-01,4.799999999999999822e-01,4.598145285935085202e-01,5.714285714285713969e-01,4.965156794425086839e-01,5.179640718562874557e-01,6.733067729083664910e-01,5.984848484848485084e-01,8.009708737864077444e-01,5.759999999999999565e-01,7.136363636363636243e-01
6.287878787878787845e-01,5.384615384615384359e-01,4.885433715220949269e-01,5.818181818181817899e-01,4.356005788712011828e-01,5.604026845637584131e-01,6.639676113360324372e-01,5.839793281653746782e-01,8.037383177570093240e-01,6.262626262626262985e-01,7.305936073059360325e-01
6.176470588235294379e-01,5.121951219512195230e-01,5.048287971905179861e-01,6.153846153846154188e-01,4.623955431754874779e-01,5.194805194805194315e-01,6.979591836734694299e-01,5.428571428571428159e-01,7.872340425531915153e-01,6.428571428571429047e-01,6.557377049180327377e-01
6.747967479674796820e-01,6.451612903225806273e-01,4.649446494464944402e-01,5.348837209302325091e-01,5.881261595547310206e-01,5.798045602605863547e-01,6.870229007633588125e-01,5.827160493827160392e-01,8.395721925133690089e-01,6.416666666666667185e-01,7.229437229437228885e-01
