6.666666666666666574e-02,0.000000000000000000e+00,3.779385171790234921e-01,1.333333333333333315e-01,2.014218009478672966e-01,1.888544891640866752e-01,1.560283687943262443e-01,2.288659793814432908e-01,3.821989528795811664e-01,1.724137931034482873e-01,4.377358490566037874e-01
1.309523809523809590e-01,0.000000000000000000e+00,4.826616682286785642e-01,2.307692307692307820e-01,3.025210084033613245e-01,2.560975609756097615e-01,2.862318840579710089e-01,3.113006396588486324e-01,5.462555066079295418e-01,3.380281690140845008e-01,5.637065637065636903e-01
2.238805970149253810e-01,0.000000000000000000e+00,5.194805194805194315e-01,3.428571428571428603e-01,3.403933434190620222e-01,3.580562659846547313e-01,3.214285714285714524e-01,3.650107991360690973e-01,6.285714285714285587e-01,3.714285714285714413e-01,5.298245614035087536e-01
3.814432989690721421e-01,0.000000000000000000e+00,5.983690112130478633e-01,3.750000000000000000e-01,4.075829383886255819e-01,3.611793611793611691e-01,4.781144781144781031e-01,4.097664543524416336e-01,6.831275720164609044e-01,4.060150375939849399e-01,6.167247386759582284e-01
4.132231404958677801e-01,7.692307692307692735e-02,6.130030959752321706e-01,3.962264150943396457e-01,4.276729559748427834e-01,4.293193717277486998e-01,4.677966101694915335e-01,4.934782608695651995e-01,7.219917012448132665e-01,4.485294117647058987e-01,5.993265993265993741e-01
3.839285714285714524e-01,2.666666666666666630e-01,6.297828335056876448e-01,5.098039215686274161e-01,4.621848739495798553e-01,4.913151364764267726e-01,5.540983606557376984e-01,5.313807531380753124e-01,7.601626016260162322e-01,5.238095238095238360e-01,6.760563380281690016e-01
4.843750000000000000e-01,2.105263157894736725e-01,6.764386536373506731e-01,5.283018867924528239e-01,5.016778523489933139e-01,5.172413793103448620e-01,6.351791530944624897e-01,5.702479338842975087e-01,7.871485943775100580e-01,5.465116279069767158e-01,6.492537313432835688e-01
5.733333333333333615e-01,3.888888888888888951e-01,6.941045606229143683e-01,5.000000000000000000e-01,5.577889447236180631e-01,5.706806282722513002e-01,6.384364820846905042e-01,5.961538461538461453e-01,8.139534883720930258e-01,5.454545454545454142e-01,6.643598615916954664e-01
5.740740740740740700e-01,4.074074074074073848e-01,7.239057239057239412e-01,5.362318840579710644e-01,5.915966386554621925e-01,5.797468354430379556e-01,7.070063694267515464e-01,6.540178571428570953e-01,8.275862068965517127e-01,6.234567901234567833e-01,7.526881720430107503e-01
6.647398843930635293e-01,4.444444444444444198e-01,7.377622377622378158e-01,5.571428571428571619e-01,6.445993031358885350e-01,6.417112299465240755e-01,7.399380804953560320e-01,6.524520255863539564e-01,8.587786259541985157e-01,6.424242424242424532e-01,7.448275862068965969e-01
