7.246376811594203160e-02,0.000000000000000000e+00,3.738626964433415800e-01,0.000000000000000000e+00,2.152974504249291765e-01,2.134831460674157244e-01,1.925675675675675713e-01,2.068965517241379282e-01,3.271889400921659252e-01,1.836734693877551117e-01,4.552845528455284341e-01
1.492537313432835688e-01,0.000000000000000000e+00,5.023299161230195820e-01,2.380952380952380820e-01,2.941176470588235392e-01,2.470023980815347631e-01,2.968750000000000000e-01,2.774674115456238210e-01,5.336134453781512521e-01,1.791044776119402882e-01,5.378787878787878451e-01
2.666666666666666630e-01,0.000000000000000000e+00,5.318744053282588036e-01,2.702702702702702853e-01,3.249258160237388782e-01,3.763440860215053752e-01,3.551724137931034364e-01,3.603960396039603831e-01,5.751072961373390191e-01,3.628318584070796549e-01,6.067415730337079038e-01
2.826086956521738913e-01,1.666666666666666574e-01,5.760549558390578584e-01,2.631578947368420907e-01,3.709198813056379662e-01,4.285714285714285476e-01,4.152249134948096665e-01,4.076305220883534308e-01,6.711111111111111027e-01,4.545454545454545303e-01,5.920577617328519615e-01
3.333333333333333148e-01,1.578947368421052544e-01,6.214574898785425461e-01,3.809523809523809312e-01,3.942766295707472168e-01,4.736842105263157632e-01,4.878048780487804770e-01,4.481327800829875696e-01,7.355371900826446208e-01,4.642857142857143016e-01,6.048951048951048959e-01
4.360902255639097502e-01,3.529411764705882582e-01,6.506922257720979541e-01,3.898305084745762872e-01,4.732576985413289861e-01,5.322128851540616212e-01,5.120274914089346652e-01,5.051759834368529933e-01,7.673469387755101900e-01,5.370370370370370905e-01,6.466666666666666119e-01
4.557823129251700744e-01,2.083333333333333426e-01,6.825053995680345764e-01,4.255319148936170248e-01,4.711696869851729752e-01,5.522788203753351555e-01,5.733333333333333615e-01,5.645833333333333259e-01,7.791164658634538442e-01,5.120481927710843761e-01,6.901408450704225039e-01
5.314685314685314577e-01,3.750000000000000000e-01,6.762749445676274895e-01,3.859649122807017330e-01,5.352112676056337559e-01,5.597826086956522174e-01,6.372549019607842702e-01,5.824411134903639820e-01,7.845528455284552782e-01,6.137931034482758674e-01,6.482758620689654805e-01
5.394736842105263275e-01,4.749999999999999778e-01,7.216494845360824639e-01,5.230769230769231060e-01,5.613747954173485821e-01,5.862068965517240882e-01,6.345514950166113444e-01,5.969827586206896131e-01,8.174904942965779409e-01,6.437500000000000444e-01,6.700336700336699813e-01
5.568181818181817677e-01,4.736842105263157632e-01,7.429577464788732488e-01,5.277777777777777901e-01,6.056105610561055563e-01,6.451612903225806273e-01,6.708074534161491131e-01,6.334056399132320658e-01,8.418972332015810522e-01,6.842105263157894912e-01,7.056856187290969640e-01
6.407185628742515515e-01,5.185185185185184897e-01,7.695961995249406273e-01,5.882352941176470784e-01,6.390728476821192494e-01,6.363636363636363535e-01,6.999999999999999556e-01,6.593886462882095900e-01,8.470588235294117530e-01,7.464788732394366244e-01,7.483221476510066861e-01
6.980198019801979736e-01,5.636363636363636020e-01,8.087697929354445980e-01,5.789473684210526550e-01,6.880269814502529835e-01,6.532951289398281070e-01,7.155963302752293975e-01,6.623376623376623362e-01,8.783269961977185902e-01,7.124183006535947937e-01,7.450331125827814871e-01
7.473684210526315708e-01,5.517241379310344751e-01,8.053204353083434075e-01,6.024096385542169196e-01,7.162162162162162282e-01,7.050561797752809001e-01,7.889908256880734383e-01,7.196467991169978040e-01,8.880597014925373234e-01,7.763157894736841813e-01,7.575757575757575690e-01
7.244897959183673741e-01,6.307692307692307487e-01,8.208955223880597396e-01,6.395348837209302584e-01,7.275747508305647759e-01,7.170329670329670391e-01,7.634069400630915103e-01,7.262693156732892286e-01,8.740458015267175140e-01,7.115384615384615641e-01,7.818791946308725205e-01
7.299999999999999822e-01,6.666666666666666297e-01,8.262454434993924401e-01,6.288659793814432852e-01,7.359454855195911582e-01,7.282608695652174058e-01,8.156250000000000444e-01,7.703016241299304179e-01,8.921933085501858596e-01,8.223684210526315264e-01,7.918088737201365301e-01
7.668393782383419177e-01,6.393442622950820109e-01,8.217821782178217349e-01,7.191011235955055980e-01,7.834179357021996415e-01,7.648725212464588807e-01,8.100890207715133462e-01,7.732426303854875727e-01,9.197080291970802790e-01,7.573964497041419941e-01,8.153310104529616353e-01
7.752293577981651529e-01,7.361111111111111605e-01,8.491048593350383200e-01,7.647058823529411242e-01,7.864238410596026130e-01,7.903225806451612545e-01,8.445121951219511924e-01,8.069767441860464796e-01,9.216417910447761708e-01,8.322981366459627495e-01,8.515901060070670825e-01
8.235294117647058432e-01,7.746478873239436291e-01,8.506329113924050445e-01,7.765957446808510189e-01,8.150087260034903913e-01,7.886178861788617489e-01,8.168604651162790775e-01,7.910112359550561800e-01,9.057971014492753881e-01,7.922077922077922496e-01,8.409893992932861995e-01
8.525345622119815392e-01,7.297297297297297147e-01,8.870346598202824007e-01,8.064516129032257563e-01,8.483816013628620034e-01,8.423913043478260532e-01,8.757575757575757347e-01,8.372093023255814392e-01,9.241877256317689859e-01,8.354430379746835555e-01,8.517241379310345195e-01
8.127853881278538362e-01,8.133333333333333526e-01,8.827319587628865705e-01,8.085106382978722861e-01,8.350694444444444198e-01,8.186666666666666536e-01,8.658892128279883638e-01,8.528735632183908066e-01,9.025270758122743153e-01,8.789808917197452498e-01,8.731884057971014412e-01
8.750000000000000000e-01,7.681159420289854767e-01,8.935064935064934710e-01,7.444444444444444642e-01,8.522920203735144806e-01,8.152173913043477826e-01,9.044776119402985204e-01,8.642533936651584092e-01,9.239130434782608647e-01,8.198757763975155211e-01,8.571428571428570953e-01
8.675799086757990386e-01,7.464788732394366244e-01,8.961538461538461897e-01,8.750000000000000000e-01,8.860103626943005573e-01,8.457300275482093621e-01,8.702064896755161705e-01,8.607888631090486742e-01,9.468085106382978511e-01,8.797468354430380000e-01,8.877192982456140191e-01
8.513513513513513153e-01,8.101265822784810000e-01,8.906250000000000000e-01,7.920792079207921166e-01,8.691099476439790861e-01,8.324175824175824578e-01,9.071856287425149601e-01,8.393665158371040880e-01,9.314079422382671725e-01,8.627450980392157298e-01,8.379310344827586299e-01
8.810572687224669242e-01,8.783783783783783994e-01,9.226736566186107824e-01,8.469387755102041337e-01,8.732876712328767610e-01,8.716577540106952293e-01,9.058823529411764719e-01,9.110070257611241340e-01,9.381818181818182278e-01,9.487179487179486781e-01,9.192982456140350589e-01
8.995433789954337955e-01,7.901234567901234129e-01,9.248021108179419469e-01,8.541666666666666297e-01,9.010238907849829060e-01,8.760107816711589779e-01,9.195402298850574585e-01,9.018691588785047175e-01,9.422382671480143967e-01,8.903225806451613433e-01,8.838028169014084945e-01
9.140271493212669407e-01,8.591549295774647543e-01,9.109947643979057208e-01,9.117647058823529216e-01,8.781725888324872775e-01,8.898071625344352586e-01,9.036144578313253239e-01,8.744292237442922167e-01,9.386281588447653590e-01,9.074074074074074403e-01,9.042553191489361986e-01
8.796296296296296502e-01,9.250000000000000444e-01,9.169909208819714275e-01,9.000000000000000222e-01,8.779661016949152907e-01,8.983957219251337278e-01,9.237536656891495168e-01,9.156908665105386591e-01,8.974358974358974672e-01,9.419354838709677047e-01,9.275362318840579823e-01
9.282511210762331988e-01,9.605263157894736725e-01,9.353562005277045177e-01,9.047619047619047672e-01,9.369676320272571912e-01,9.340659340659340781e-01,9.528023598820059004e-01,9.162790697674418894e-01,9.503546099290780536e-01,9.113924050632911111e-01,9.252669039145907659e-01
9.237668161434977598e-01,8.874999999999999556e-01,9.399999999999999467e-01,8.543689320388349051e-01,9.212328767123287854e-01,9.260273972602739434e-01,9.436201780415430784e-01,9.243119266055045413e-01,9.646643109540635752e-01,9.062500000000000000e-01,9.113475177304964925e-01
9.424778761061947119e-01,8.499999999999999778e-01,9.163398692810457158e-01,8.921568627450980893e-01,9.134125636672325577e-01,9.186991869918699205e-01,9.498525073746312275e-01,9.252336448598130758e-01,9.713261648745519228e-01,9.285714285714286031e-01,9.448529411764705621e-01
