3.921568627450980338e-02,0.000000000000000000e+00,3.510555121188428385e-01,2.222222222222222099e-01,2.110311750599520308e-01,1.821192052980132314e-01,1.214953271028037379e-01,2.134570765661252811e-01,3.157894736842105088e-01,9.523809523809523281e-02,4.471544715447154372e-01
2.068965517241379282e-01,0.000000000000000000e+00,4.618680377035132567e-01,1.071428571428571369e-01,2.999999999999999889e-01,2.597402597402597157e-01,2.569169960474308456e-01,3.202614379084967045e-01,5.113122171945700956e-01,2.987012987012986898e-01,5.263157894736841813e-01
1.956521739130434867e-01,2.500000000000000000e-01,5.363805970149253532e-01,2.307692307692307820e-01,3.239227340267459287e-01,3.309178743961352920e-01,3.768115942028985588e-01,3.547008547008547175e-01,6.172839506172839164e-01,3.913043478260869734e-01,5.977443609022556892e-01
3.157894736842105088e-01,0.000000000000000000e+00,5.961352657004831412e-01,2.682926829268292845e-01,3.922829581993569348e-01,4.020100502512563012e-01,4.483870967741935276e-01,4.552845528455284341e-01,6.973684210526315264e-01,4.890510948905109623e-01,6.357142857142856762e-01
2.911392405063291111e-01,2.000000000000000111e-01,6.092977250247280097e-01,2.765957446808510745e-01,4.276629570747217945e-01,4.329113924050632667e-01,4.750830564784053189e-01,4.533073929961089488e-01,7.442922374429223886e-01,4.965986394557823091e-01,7.148437500000000000e-01
4.086021505376344343e-01,2.631578947368420907e-01,6.419753086419752730e-01,4.769230769230769496e-01,4.755905511811023834e-01,5.184210526315788936e-01,5.239726027397260122e-01,5.248508946322067992e-01,7.565217391304347450e-01,5.683453237410072134e-01,6.654545454545454097e-01
4.310344827586206629e-01,3.793103448275861878e-01,6.368366285119666514e-01,4.915254237288135819e-01,5.462328767123287854e-01,5.366492146596858470e-01,5.728155339805824919e-01,5.510638297872340052e-01,7.862903225806451291e-01,5.117647058823528994e-01,6.763636363636363891e-01
4.580152671755725047e-01,4.583333333333333148e-01,7.090301003344481323e-01,5.217391304347825942e-01,5.293132328308207679e-01,5.288461538461538547e-01,6.144578313253011848e-01,6.004228329809725428e-01,8.089430894308943243e-01,6.233766233766233622e-01,7.121212121212121549e-01
5.200000000000000178e-01,4.313725490196078649e-01,7.193370165745855971e-01,4.925373134328357994e-01,5.649241146711635464e-01,5.844155844155843882e-01,6.487341772151898889e-01,6.321353065539112581e-01,8.319999999999999618e-01,6.756756756756756577e-01,7.660377358490566557e-01
6.115107913669064477e-01,5.000000000000000000e-01,7.620137299771166939e-01,5.526315789473684736e-01,6.177474402730375180e-01,6.081424936386768954e-01,7.329192546583851442e-01,6.465517241379310498e-01,8.358778625954198516e-01,6.011904761904761640e-01,7.692307692307692735e-01
5.868263473053891843e-01,5.999999999999999778e-01,7.595375722543352692e-01,6.263736263736263687e-01,6.324041811846690120e-01,6.835106382978722861e-01,7.280966767371601644e-01,6.745689655172413257e-01,8.443579766536964959e-01,7.027027027027027417e-01,7.857142857142856984e-01
6.611111111111110938e-01,6.226415094339622369e-01,7.777777777777777901e-01,6.279069767441860517e-01,6.678141135972460729e-01,6.711590296495957286e-01,7.708978328173374805e-01,7.230769230769230616e-01,8.582089552238806318e-01,6.770186335403726163e-01,7.777777777777777901e-01
6.227544910179640958e-01,5.081967213114754189e-01,7.676056338028168780e-01,7.261904761904761640e-01,6.823734729493892148e-01,7.036082474226804662e-01,7.818181818181818565e-01,7.422222222222222276e-01,8.470149253731342753e-01,7.532467532467532756e-01,8.188405797101449002e-01
6.914893617021277139e-01,5.937500000000000000e-01,8.067632850241546194e-01,6.774193548387096309e-01,7.288732394366197465e-01,7.322834645669291653e-01,8.231707317073170271e-01,7.606263982102908772e-01,8.634686346863468254e-01,7.687500000000000444e-01,8.109090909090909127e-01
7.591623036649214340e-01,5.074626865671642006e-01,8.300733496332518557e-01,7.222222222222222099e-01,7.648054145516074431e-01,7.393617021276596146e-01,8.501529051987767316e-01,8.099547511312217285e-01,9.285714285714286031e-01,7.581699346405228468e-01,8.652482269503546375e-01
7.680412371134021088e-01,8.125000000000000000e-01,8.515723270440251902e-01,7.444444444444444642e-01,7.946127946127946595e-01,7.849740932642487179e-01,8.398791540785498499e-01,7.777777777777777901e-01,8.955223880597015240e-01,8.376623376623376638e-01,8.519855595667870096e-01
8.039215686274510109e-01,8.064516129032257563e-01,8.523985239852398532e-01,7.916666666666666297e-01,8.112244897959183243e-01,7.751322751322751170e-01,8.819875776397515521e-01,8.156682027649769795e-01,9.267399267399267782e-01,8.074534161490682926e-01,8.639705882352941568e-01
7.710280373831776002e-01,8.311688311688312236e-01,8.537200504413618996e-01,8.144329896907216426e-01,8.371681415929203007e-01,8.224543080939947792e-01,8.473053892215568483e-01,8.532110091743119185e-01,9.191176470588234837e-01,8.805031446540880768e-01,8.717948717948718063e-01
8.480392156862744946e-01,8.805970149253731227e-01,8.618504435994930324e-01,8.404255319148936643e-01,8.304794520547945647e-01,8.129870129870130357e-01,8.948948948948949322e-01,8.521939953810623303e-01,9.354838709677418818e-01,8.846153846153845812e-01,8.709677419354838745e-01
8.490566037735849392e-01,8.800000000000000044e-01,8.904639175257731409e-01,8.181818181818182323e-01,8.438030560271646552e-01,8.469945355191257352e-01,8.925373134328358216e-01,8.616780045351474238e-01,8.992537313432835688e-01,8.616352201257861942e-01,8.904593639575971720e-01
8.701923076923077094e-01,7.948717948717948234e-01,9.011703511053316129e-01,8.673469387755101678e-01,8.592964824120602474e-01,8.328912466843501061e-01,8.895705521472392352e-01,8.703703703703703498e-01,9.530685920577617321e-01,8.653846153846154188e-01,8.842105263157894468e-01
8.738317757009346209e-01,8.518518518518518601e-01,9.060489060489060886e-01,9.292929292929292817e-01,8.973913043478261020e-01,8.853333333333333055e-01,9.136904761904761640e-01,8.979118329466356796e-01,9.116607773851590490e-01,8.944099378881987805e-01,9.520295202952029356e-01
8.105726872246695747e-01,8.219178082191780366e-01,9.079118028534370888e-01,8.252427184466019083e-01,8.856152512998266557e-01,9.081081081081081585e-01,9.354838709677418818e-01,9.099307159353349217e-01,9.487179487179486781e-01,8.987341772151898889e-01,9.061371841155234641e-01
8.873873873873874274e-01,8.732394366197182567e-01,9.039692701664532315e-01,9.207920792079208328e-01,9.078260869565217828e-01,8.910081743869209259e-01,9.017857142857143016e-01,8.970251716247139573e-01,9.709090909090909438e-01,8.819875776397515521e-01,9.205776173285198372e-01
8.654708520179371645e-01,9.210526315789473450e-01,9.025974025974026205e-01,8.800000000000000044e-01,8.864406779661017088e-01,8.924731182795698770e-01,9.515151515151515360e-01,8.997722095671981668e-01,9.671532846715328313e-01,8.967741935483870552e-01,9.087591240875911858e-01
9.147982062780268819e-01,8.974358974358974672e-01,9.262613195342820349e-01,8.585858585858585634e-01,9.223985890652557362e-01,9.090909090909090606e-01,9.439528023598819928e-01,9.236111111111111605e-01,9.569892473118279952e-01,8.895705521472392352e-01,9.202898550724637472e-01
8.721461187214611943e-01,8.961038961038960693e-01,9.181818181818182101e-01,9.207920792079208328e-01,9.149305555555555802e-01,9.088471849865952246e-01,9.512195121951219079e-01,9.149425287356321990e-01,9.640287769784172678e-01,9.012345679012345734e-01,9.225352112676056260e-01
9.162995594713656544e-01,9.268292682926829729e-01,9.417218543046357304e-01,9.708737864077670032e-01,9.365351629502572939e-01,9.487870619946091599e-01,9.618768328445748139e-01,9.584295612009238186e-01,9.747292418772562916e-01,9.487179487179486781e-01,9.490909090909090962e-01
9.356223175965665551e-01,9.102564102564102422e-01,9.589403973509933454e-01,9.252336448598130758e-01,9.482758620689655249e-01,9.322493224932248967e-01,9.615384615384615641e-01,9.600938967136150026e-01,9.608540925266904065e-01,9.748427672955974899e-01,9.638989169675090674e-01
9.288888888888888751e-01,9.024390243902439268e-01,9.283854166666666297e-01,9.509803921568626972e-01,9.340277777777777901e-01,9.326145552560647367e-01,9.489489489489489893e-01,9.280742459396751354e-01,9.715302491103202653e-01,9.358974358974359031e-01,9.280575539568345356e-01
