2.054794520547945091e-01,0.000000000000000000e+00,3.846780766096169479e-01,1.428571428571428492e-01,2.182596291012838807e-01,2.270114942528735635e-01,1.784037558685445946e-01,2.243346007604562764e-01,3.459715639810426735e-01,1.346153846153846090e-01,4.754098360655737432e-01
2.068965517241379282e-01,0.000000000000000000e+00,4.684838160136285956e-01,2.758620689655172376e-01,2.769010043041607028e-01,3.003003003003003046e-01,3.198380566801619640e-01,2.898550724637681264e-01,4.657534246575342207e-01,1.935483870967741882e-01,5.083056478405315604e-01
2.608695652173912971e-01,0.000000000000000000e+00,5.310621242484969695e-01,1.666666666666666574e-01,3.227586206896551624e-01,3.038277511961722244e-01,3.355704697986577334e-01,3.146292585170340494e-01,6.105769230769231282e-01,3.255813953488372325e-01,5.756457564575645502e-01
3.275862068965517127e-01,2.857142857142856984e-01,5.540275049115913619e-01,2.978723404255319007e-01,3.875968992248062239e-01,3.234567901234567944e-01,4.280936454849498252e-01,3.806584362139917577e-01,7.040358744394619173e-01,3.360000000000000209e-01,5.551724137931034475e-01
3.510638297872340496e-01,0.000000000000000000e+00,6.061538461538461542e-01,3.076923076923077094e-01,4.040404040404040331e-01,4.232804232804232569e-01,4.940239043824701248e-01,4.011627906976744096e-01,6.521739130434782705e-01,3.305785123966942241e-01,6.153846153846154188e-01
3.647058823529411575e-01,0.000000000000000000e+00,5.968586387434554608e-01,3.207547169811320598e-01,4.088145896656534828e-01,4.138755980861243966e-01,4.699646643109540722e-01,4.455645161290322509e-01,7.112970711297070814e-01,5.000000000000000000e-01,6.254545454545454852e-01
3.333333333333333148e-01,2.000000000000000111e-01,6.178947368421052744e-01,4.000000000000000222e-01,4.188562596599690879e-01,4.334975369458128336e-01,5.257731958762886793e-01,4.807302231237322587e-01,7.142857142857143016e-01,4.191176470588235392e-01,6.275167785234899709e-01
4.789915966386554813e-01,8.333333333333332871e-02,6.499466382070437920e-01,3.272727272727272707e-01,4.568690095846645316e-01,4.332493702770781052e-01,5.255972696245734266e-01,4.970059880239520722e-01,7.304347826086956541e-01,4.437086092715231689e-01,6.453900709219858589e-01
5.035971223021582510e-01,4.285714285714285476e-01,6.494066882416397180e-01,3.018867924528301772e-01,4.819078947368420907e-01,4.650000000000000244e-01,5.936507936507936511e-01,4.979079497907950014e-01,7.709251101321585864e-01,5.460526315789473450e-01,6.379310344827586743e-01
5.793650793650794162e-01,2.500000000000000000e-01,6.599788806758183357e-01,4.583333333333333148e-01,5.234113712374581784e-01,4.450000000000000067e-01,5.484949832775919409e-01,5.308641975308642236e-01,7.661290322580645018e-01,5.179856115107913661e-01,6.301369863013698280e-01
4.751773049645390268e-01,3.636363636363636465e-01,6.699346405228757684e-01,4.528301886792452935e-01,5.256410256410256610e-01,4.611650485436893376e-01,6.114864864864865135e-01,5.314533622559652892e-01,7.489711934156378925e-01,4.585987261146496907e-01,6.521739130434782705e-01
5.749999999999999556e-01,2.916666666666666852e-01,6.891133557800224185e-01,4.117647058823529216e-01,5.054432348367029482e-01,5.000000000000000000e-01,6.013513513513513153e-01,5.464135021097046296e-01,7.926829268292683306e-01,5.657894736842105088e-01,6.198083067092651222e-01
5.706214689265536322e-01,4.117647058823529216e-01,6.860986547085201614e-01,3.846153846153846367e-01,5.208681135225375902e-01,5.403422982885085490e-01,5.876623376623376638e-01,6.126914660831509485e-01,8.091286307053942028e-01,5.629139072847682002e-01,6.533333333333333215e-01
5.950920245398773067e-01,2.258064516129032195e-01,7.014755959137344288e-01,5.540540540540540571e-01,5.364667747163694989e-01,5.687830687830688348e-01,6.151315789473684736e-01,5.818584070796459784e-01,8.347107438016528880e-01,5.062499999999999778e-01,6.378737541528238797e-01
5.847953216374268681e-01,2.592592592592592449e-01,7.255813953488372547e-01,5.000000000000000000e-01,5.668896321070233668e-01,5.583756345177665059e-01,6.828478964401294427e-01,5.815450643776823858e-01,8.055555555555555802e-01,5.500000000000000444e-01,6.756756756756756577e-01
5.487804878048780921e-01,3.437500000000000000e-01,7.053469852104664595e-01,5.074626865671642006e-01,5.621890547263681537e-01,5.461538461538461009e-01,6.677419354838709520e-01,5.510204081632652517e-01,8.297872340425531679e-01,5.506329113924051111e-01,7.090909090909091050e-01
6.216216216216216006e-01,3.953488372093023062e-01,7.249712313003452424e-01,5.538461538461538769e-01,6.280701754385964453e-01,5.994897959183673741e-01,6.977491961414791222e-01,6.271186440677966045e-01,7.689243027888446047e-01,5.570469798657717853e-01,6.722972972972972583e-01
6.117647058823529882e-01,4.736842105263157632e-01,7.286549707602338888e-01,5.294117647058823595e-01,6.176961602671118268e-01,5.801526717557251578e-01,6.820987654320987970e-01,6.226804123711340289e-01,8.081632653061224802e-01,5.986394557823129237e-01,6.953405017921147069e-01
5.956284153005464432e-01,4.062500000000000000e-01,7.144495412844036331e-01,5.428571428571428159e-01,6.451048951048951041e-01,5.707317073170731225e-01,6.987951807228915957e-01,6.416861826697892734e-01,8.129770992366411875e-01,6.250000000000000000e-01,7.491166077738515838e-01
6.529411764705882470e-01,5.121951219512195230e-01,7.088036117381489865e-01,5.409836065573770947e-01,6.130136986301369939e-01,5.835475578406169594e-01,7.190332326283987996e-01,6.444444444444444864e-01,7.984496124031007502e-01,6.433121019108279937e-01,7.246376811594202882e-01
6.612903225806451291e-01,4.000000000000000222e-01,7.474048442906574552e-01,5.000000000000000000e-01,6.649122807017543435e-01,6.237113402061855716e-01,7.281250000000000222e-01,7.024070021881838599e-01,8.677042801556420493e-01,6.037735849056603543e-01,7.162629757785466955e-01
6.067415730337079038e-01,5.384615384615384359e-01,7.132947976878613039e-01,5.666666666666666519e-01,6.202090592334494890e-01,5.681818181818182323e-01,7.366771159874607733e-01,6.322580645161289814e-01,7.743190661478599468e-01,5.900621118012422395e-01,7.024221453287197159e-01
6.647727272727272929e-01,4.571428571428571286e-01,7.356321839080459668e-01,6.447368421052631637e-01,6.548821548821548433e-01,6.208651399491094125e-01,6.984126984126983739e-01,6.831460674157303625e-01,8.527131782945736038e-01,5.987654320987654266e-01,7.096774193548387455e-01
6.613756613756613945e-01,4.680851063829787329e-01,7.417840375586854940e-01,5.316455696202531112e-01,6.598984771573603858e-01,6.795865633074935630e-01,7.312499999999999556e-01,6.703056768558951495e-01,8.479999999999999760e-01,6.708860759493671111e-01,7.463235294117647189e-01
6.989795918367347483e-01,5.000000000000000000e-01,7.591933570581257396e-01,6.521739130434782705e-01,6.597938144329896781e-01,6.497461928934009645e-01,7.316293929712459621e-01,6.688311688311687764e-01,8.091603053435114656e-01,6.387096774193548043e-01,7.689530685920578090e-01
7.512953367875647714e-01,4.799999999999999822e-01,7.684964200477326646e-01,6.385542168674698260e-01,7.032590051457976443e-01,6.720430107526881303e-01,7.253731343283582600e-01,6.894977168949771862e-01,8.598484848484848619e-01,6.516129032258064502e-01,7.534246575342465890e-01
7.128712871287128383e-01,4.655172413793103314e-01,7.502944640753828054e-01,5.959595959595959114e-01,7.393617021276596146e-01,7.182320441988950810e-01,7.575757575757575690e-01,7.229729729729730270e-01,8.444444444444444420e-01,6.938775510204081565e-01,7.697841726618704916e-01
6.683673469387755306e-01,4.716981132075471761e-01,7.450292397660818189e-01,5.657894736842105088e-01,6.827586206896552046e-01,6.752577319587629301e-01,7.429467084639498342e-01,6.911111111111111205e-01,8.519999999999999796e-01,6.709677419354839190e-01,7.508896797153025160e-01
7.199999999999999734e-01,5.714285714285713969e-01,7.620192307692307265e-01,5.913978494623656212e-01,7.125435540069686713e-01,7.690140845070422282e-01,7.432835820895522527e-01,6.929824561403509220e-01,8.636363636363636465e-01,7.088607594936708889e-01,7.821428571428571397e-01
7.659574468085106336e-01,4.199999999999999845e-01,7.602339181286549286e-01,6.627906976744185608e-01,7.046979865771811902e-01,6.786632390745501731e-01,7.709677419354838968e-01,7.220956719817767100e-01,8.571428571428570953e-01,6.624999999999999778e-01,7.564575645756457245e-01
