6.818181818181817677e-02,0.000000000000000000e+00,3.625886524822695134e-01,0.000000000000000000e+00,1.993127147766323159e-01,2.212643678160919614e-01,1.244239631336405555e-01,1.963927855711422865e-01,2.631578947368420907e-01,2.903225806451613100e-01,3.983739837398374006e-01
1.093750000000000000e-01,0.000000000000000000e+00,4.335904027420736662e-01,1.000000000000000056e-01,2.325249643366619212e-01,2.300000000000000100e-01,1.818181818181818232e-01,2.328482328482328612e-01,3.804878048780487854e-01,2.115384615384615363e-01,4.483985765124555156e-01
1.538461538461538547e-01,0.000000000000000000e+00,4.452296819787985860e-01,3.333333333333333148e-01,2.349246231155778797e-01,2.309782608695652162e-01,1.977401129943502922e-01,2.688391038696537616e-01,3.934426229508196649e-01,2.321428571428571508e-01,4.569536423841059625e-01
1.176470588235294101e-01,0.000000000000000000e+00,3.979511426319937151e-01,9.523809523809523281e-02,2.383863080684596458e-01,2.136498516320474717e-01,2.011834319526627224e-01,2.676399026763990330e-01,3.049999999999999933e-01,8.108108108108108558e-02,4.290123456790123635e-01
7.692307692307692735e-02,0.000000000000000000e+00,4.000000000000000222e-01,3.333333333333333148e-01,2.364864864864864857e-01,1.848906560636182916e-01,1.984126984126984017e-01,2.055837563451776706e-01,2.955665024630542148e-01,1.612903225806451568e-01,4.241379310344827736e-01
0.000000000000000000e+00,0.000000000000000000e+00,3.689320388349514590e-01,7.142857142857142461e-02,2.258522727272727348e-01,1.873589164785552930e-01,1.781609195402298895e-01,2.222222222222222099e-01,2.780269058295964379e-01,6.250000000000000000e-02,4.637681159420289911e-01
1.875000000000000000e-01,0.000000000000000000e+00,3.611721611721611658e-01,1.111111111111111049e-01,2.238966630785791112e-01,2.015706806282722419e-01,1.506024096385542299e-01,1.652892561983471120e-01,2.343750000000000000e-01,1.428571428571428492e-01,3.722943722943722888e-01
1.000000000000000056e-01,0.000000000000000000e+00,3.273231622746186065e-01,1.111111111111111049e-01,1.872832369942196429e-01,1.900311526479750712e-01,1.567164179104477695e-01,1.776504297994269399e-01,2.159090909090909116e-01,1.176470588235294101e-01,2.821428571428571397e-01
1.666666666666666574e-01,0.000000000000000000e+00,3.173611111111110938e-01,0.000000000000000000e+00,2.048997772828507757e-01,1.983002832861189835e-01,1.698113207547169712e-01,1.846153846153846256e-01,1.965811965811965767e-01,0.000000000000000000e+00,2.841726618705036067e-01
1.000000000000000056e-01,0.000000000000000000e+00,2.746615087040619185e-01,0.000000000000000000e+00,1.853188929001203245e-01,1.327433628318584191e-01,1.477272727272727348e-01,1.428571428571428492e-01,1.702127659574468044e-01,3.750000000000000000e-01,2.568093385214007540e-01
0.000000000000000000e+00,0.000000000000000000e+00,2.951441578148710221e-01,0.000000000000000000e+00,1.959262851600387934e-01,1.540342298288508438e-01,1.612903225806451568e-01,1.916376306620209136e-01,1.782178217821782096e-01,0.000000000000000000e+00,2.057291666666666574e-01
1.538461538461538547e-01,0.000000000000000000e+00,2.828854314002828829e-01,0.000000000000000000e+00,2.043879907621247161e-01,1.779141104294478526e-01,6.896551724137930939e-02,1.660516605166051651e-01,1.811023622047244208e-01,0.000000000000000000e+00,1.828793774319066034e-01
1.818181818181818232e-01,0.000000000000000000e+00,2.290825158684362262e-01,0.000000000000000000e+00,1.958041958041958075e-01,1.157024793388429784e-01,1.000000000000000056e-01,1.724137931034482873e-01,2.352941176470588203e-01,0.000000000000000000e+00,1.875000000000000000e-01
0.000000000000000000e+00,0.000000000000000000e+00,2.268096514745308323e-01,0.000000000000000000e+00,1.805555555555555525e-01,1.786743515850144071e-01,1.379310344827586188e-01,1.573275862068965469e-01,1.454545454545454475e-01,0.000000000000000000e+00,2.077151335311572811e-01
0.000000000000000000e+00,0.000000000000000000e+00,2.441288913162206475e-01,0.000000000000000000e+00,1.887052341597796057e-01,1.573426573426573438e-01,1.250000000000000000e-01,1.363636363636363535e-01,1.363636363636363535e-01,0.000000000000000000e+00,2.119205298013245031e-01
0.000000000000000000e+00,0.000000000000000000e+00,2.481751824817518270e-01,0.000000000000000000e+00,1.791666666666666685e-01,1.648351648351648324e-01,2.500000000000000000e-01,1.264822134387351693e-01,1.304347826086956486e-01,0.000000000000000000e+00,1.806930693069306870e-01
6.451612903225806273e-02,0.000000000000000000e+00,2.209429824561403577e-01,0.000000000000000000e+00,1.898305084745762761e-01,1.399082568807339388e-01,0.000000000000000000e+00,1.336633663366336711e-01,1.724137931034482873e-01,0.000000000000000000e+00,1.884615384615384581e-01
0.000000000000000000e+00,0.000000000000000000e+00,2.449567723342939429e-01,0.000000000000000000e+00,1.509186351706036655e-01,1.111111111111111049e-01,1.250000000000000000e-01,1.285046728971962482e-01,1.666666666666666574e-01,0.000000000000000000e+00,2.028985507246376940e-01
0.000000000000000000e+00,0.000000000000000000e+00,2.334293948126801022e-01,0.000000000000000000e+00,1.802816901408450800e-01,1.540880503144654023e-01,1.111111111111111049e-01,1.349206349206349131e-01,1.818181818181818232e-01,0.000000000000000000e+00,1.698113207547169712e-01
0.000000000000000000e+00,0.000000000000000000e+00,2.231362467866323807e-01,0.000000000000000000e+00,1.789638932496075419e-01,1.623036649214659732e-01,9.090909090909091161e-02,1.493055555555555525e-01,8.695652173913043237e-02,0.000000000000000000e+00,2.242424242424242431e-01
1.428571428571428492e-01,0.000000000000000000e+00,2.194752774974773057e-01,0.000000000000000000e+00,1.818181818181818232e-01,1.712328767123287576e-01,1.071428571428571369e-01,1.217391304347826136e-01,2.241379310344827624e-01,0.000000000000000000e+00,1.743772241992882499e-01
1.250000000000000000e-01,0.000000000000000000e+00,2.184256055363321680e-01,0.000000000000000000e+00,1.434511434511434591e-01,1.503759398496240518e-01,0.000000000000000000e+00,1.492146596858638652e-01,1.363636363636363535e-01,0.000000000000000000e+00,1.129032258064516098e-01
0.000000000000000000e+00,0.000000000000000000e+00,2.062211981566820229e-01,0.000000000000000000e+00,1.514450867052023197e-01,0.000000000000000000e+00,7.692307692307692735e-02,8.888888888888889228e-02,0.000000000000000000e+00,0.000000000000000000e+00,6.250000000000000000e-02
0.000000000000000000e+00,0.000000000000000000e+00,2.072727272727272751e-01,0.000000000000000000e+00,1.637426900584795231e-01,1.166666666666666685e-01,0.000000000000000000e+00,1.220930232558139483e-01,1.142857142857142821e-01,0.000000000000000000e+00,0.000000000000000000e+00
0.000000000000000000e+00,0.000000000000000000e+00,2.062111801242235976e-01,0.000000000000000000e+00,1.937172774869110048e-01,1.764705882352941291e-01,0.000000000000000000e+00,1.301939058171745212e-01,9.523809523809523281e-02,0.000000000000000000e+00,5.000000000000000000e-01
0.000000000000000000e+00,0.000000000000000000e+00,2.032488114104595844e-01,0.000000000000000000e+00,1.592279855247285825e-01,1.333333333333333315e-01,0.000000000000000000e+00,7.317073170731706877e-02,2.000000000000000111e-01,0.000000000000000000e+00,0.000000000000000000e+00
0.000000000000000000e+00,0.000000000000000000e+00,2.046495244804508729e-01,0.000000000000000000e+00,1.776315789473684181e-01,1.052631578947368363e-01,3.333333333333333148e-01,1.071428571428571369e-01,1.282051282051281937e-01,0.000000000000000000e+00,0.000000000000000000e+00
1.538461538461538547e-01,0.000000000000000000e+00,2.023968042609853579e-01,0.000000000000000000e+00,1.770956316410861875e-01,7.751937984496123923e-02,9.375000000000000000e-02,1.428571428571428492e-01,2.222222222222222099e-01,0.000000000000000000e+00,1.416666666666666630e-01
0.000000000000000000e+00,0.000000000000000000e+00,2.058706862356207978e-01,0.000000000000000000e+00,1.715481171548117190e-01,1.546391752577319645e-01,7.692307692307692735e-02,1.551724137931034531e-01,4.347826086956521618e-02,0.000000000000000000e+00,8.571428571428571508e-02
0.000000000000000000e+00,0.000000000000000000e+00,2.034042553191489355e-01,0.000000000000000000e+00,1.661054994388327655e-01,1.309523809523809590e-01,0.000000000000000000e+00,1.563981042654028486e-01,1.818181818181818232e-01,0.000000000000000000e+00,0.000000000000000000e+00
