1.219512195121951192e-01,0.000000000000000000e+00,2.649006622516556497e-01,0.000000000000000000e+00,1.935201401050788139e-01,1.979166666666666574e-01,7.608695652173913526e-02,1.480362537764350339e-01,1.499999999999999944e-01,0.000000000000000000e+00,3.039215686274509554e-01
0.000000000000000000e+00,0.000000000000000000e+00,2.064254062038404780e-01,0.000000000000000000e+00,1.580547112462006021e-01,0.000000000000000000e+00,0.000000000000000000e+00,1.608695652173912916e-01,0.000000000000000000e+00,0.000000000000000000e+00,0.000000000000000000e+00
0.000000000000000000e+00,0.000000000000000000e+00,2.012048192771084265e-01,0.000000000000000000e+00,1.607324516785350876e-01,5.999999999999999778e-02,0.000000000000000000e+00,1.749999999999999889e-01,0.000000000000000000e+00,0.000000000000000000e+00,0.000000000000000000e+00
0.000000000000000000e+00,0.000000000000000000e+00,2.065410593672236117e-01,0.000000000000000000e+00,1.714285714285714302e-01,0.000000000000000000e+00,1.499999999999999944e-01,0.000000000000000000e+00,0.000000000000000000e+00,0.000000000000000000e+00,0.000000000000000000e+00
0.000000000000000000e+00,0.000000000000000000e+00,2.009220130618517008e-01,0.000000000000000000e+00,1.548387096774193616e-01,0.000000000000000000e+00,8.571428571428571508e-02,0.000000000000000000e+00,0.000000000000000000e+00,0.000000000000000000e+00,0.000000000000000000e+00
0.000000000000000000e+00,0.000000000000000000e+00,2.053639846743295083e-01,0.000000000000000000e+00,1.681759379042690739e-01,0.000000000000000000e+00,0.000000000000000000e+00,1.136363636363636326e-01,0.000000000000000000e+00,0.000000000000000000e+00,0.000000000000000000e+00
0.000000000000000000e+00,0.000000000000000000e+00,2.063165121867490681e-01,0.000000000000000000e+00,1.794117647058823539e-01,0.000000000000000000e+00,0.000000000000000000e+00,1.000000000000000056e-01,0.000000000000000000e+00,0.000000000000000000e+00,0.000000000000000000e+00
0.000000000000000000e+00,0.000000000000000000e+00,2.127738581507612192e-01,0.000000000000000000e+00,1.556818181818181712e-01,0.000000000000000000e+00,0.000000000000000000e+00,1.000000000000000056e-01,0.000000000000000000e+00,0.000000000000000000e+00,0.000000000000000000e+00
0.000000000000000000e+00,0.000000000000000000e+00,2.019473494410385928e-01,0.000000000000000000e+00,1.662650602409638523e-01,0.000000000000000000e+00,0.000000000000000000e+00,0.000000000000000000e+00,0.000000000000000000e+00,0.000000000000000000e+00,0.000000000000000000e+00
0.000000000000000000e+00,0.000000000000000000e+00,1.980709610747502514e-01,0.000000000000000000e+00,1.449999999999999900e-01,1.058823529411764691e-01,0.000000000000000000e+00,1.230769230769230838e-01,0.000000000000000000e+00,0.000000000000000000e+00,0.000000000000000000e+00
0.000000000000000000e+00,0.000000000000000000e+00,2.022046159145711453e-01,0.000000000000000000e+00,1.771428571428571297e-01,0.000000000000000000e+00,0.000000000000000000e+00,0.000000000000000000e+00,0.000000000000000000e+00,0.000000000000000000e+00,0.000000000000000000e+00
0.000000000000000000e+00,0.000000000000000000e+00,2.017302398741643854e-01,0.000000000000000000e+00,1.576086956521739191e-01,5.000000000000000278e-02,3.333333333333333287e-02,8.888888888888889228e-02,0.000000000000000000e+00,0.000000000000000000e+00,0.000000000000000000e+00
0.000000000000000000e+00,0.000000000000000000e+00,2.115079365079365059e-01,0.000000000000000000e+00,1.618953603158933829e-01,1.000000000000000056e-01,0.000000000000000000e+00,1.000000000000000056e-01,0.000000000000000000e+00,0.000000000000000000e+00,0.000000000000000000e+00
0.000000000000000000e+00,0.000000000000000000e+00,2.111233077204537067e-01,0.000000000000000000e+00,1.712328767123287576e-01,3.333333333333333287e-02,0.000000000000000000e+00,1.000000000000000056e-01,0.000000000000000000e+00,0.000000000000000000e+00,0.000000000000000000e+00
0.000000000000000000e+00,0.000000000000000000e+00,2.023332118118847944e-01,0.000000000000000000e+00,1.644736842105263275e-01,0.000000000000000000e+00,0.000000000000000000e+00,1.000000000000000056e-01,0.000000000000000000e+00,0.000000000000000000e+00,0.000000000000000000e+00
0.000000000000000000e+00,0.000000000000000000e+00,2.082529888160432052e-01,0.000000000000000000e+00,1.511363636363636243e-01,0.000000000000000000e+00,0.000000000000000000e+00,1.153846153846153910e-01,0.000000000000000000e+00,0.000000000000000000e+00,0.000000000000000000e+00
0.000000000000000000e+00,0.000000000000000000e+00,1.955835962145110463e-01,0.000000000000000000e+00,1.581027667984189755e-01,0.000000000000000000e+00,0.000000000000000000e+00,8.888888888888889228e-02,0.000000000000000000e+00,0.000000000000000000e+00,0.000000000000000000e+00
0.000000000000000000e+00,0.000000000000000000e+00,2.099102614124073451e-01,0.000000000000000000e+00,1.539325842696629143e-01,0.000000000000000000e+00,0.000000000000000000e+00,1.666666666666666574e-01,0.000000000000000000e+00,0.000000000000000000e+00,0.000000000000000000e+00
0.000000000000000000e+00,0.000000000000000000e+00,2.105068442471328127e-01,0.000000000000000000e+00,1.443181818181818177e-01,0.000000000000000000e+00,0.000000000000000000e+00,5.000000000000000278e-02,0.000000000000000000e+00,0.000000000000000000e+00,0.000000000000000000e+00
0.000000000000000000e+00,0.000000000000000000e+00,2.037914691943127909e-01,0.000000000000000000e+00,1.734177215189873500e-01,0.000000000000000000e+00,0.000000000000000000e+00,8.571428571428571508e-02,0.000000000000000000e+00,0.000000000000000000e+00,0.000000000000000000e+00
0.000000000000000000e+00,0.000000000000000000e+00,2.035836828059473802e-01,0.000000000000000000e+00,1.666666666666666574e-01,0.000000000000000000e+00,0.000000000000000000e+00,7.499999999999999722e-02,0.000000000000000000e+00,0.000000000000000000e+00,0.000000000000000000e+00
0.000000000000000000e+00,0.000000000000000000e+00,2.087240114145943737e-01,0.000000000000000000e+00,1.704761904761904756e-01,0.000000000000000000e+00,0.000000000000000000e+00,1.199999999999999956e-01,0.000000000000000000e+00,0.000000000000000000e+00,0.000000000000000000e+00
0.000000000000000000e+00,0.000000000000000000e+00,2.038167938931297607e-01,0.000000000000000000e+00,1.441307578008915180e-01,5.714285714285714107e-02,0.000000000000000000e+00,1.291666666666666796e-01,0.000000000000000000e+00,0.000000000000000000e+00,0.000000000000000000e+00
0.000000000000000000e+00,0.000000000000000000e+00,2.035102381947346550e-01,0.000000000000000000e+00,1.841584158415841554e-01,8.571428571428571508e-02,0.000000000000000000e+00,1.384615384615384692e-01,0.000000000000000000e+00,0.000000000000000000e+00,0.000000000000000000e+00
0.000000000000000000e+00,0.000000000000000000e+00,2.007326007326007411e-01,0.000000000000000000e+00,1.446111869031377895e-01,5.000000000000000278e-02,0.000000000000000000e+00,1.166666666666666685e-01,0.000000000000000000e+00,0.000000000000000000e+00,0.000000000000000000e+00
0.000000000000000000e+00,0.000000000000000000e+00,2.070725483047757831e-01,0.000000000000000000e+00,1.753424657534246589e-01,0.000000000000000000e+00,0.000000000000000000e+00,1.538461538461538547e-01,0.000000000000000000e+00,0.000000000000000000e+00,0.000000000000000000e+00
0.000000000000000000e+00,0.000000000000000000e+00,2.053671263510995215e-01,0.000000000000000000e+00,1.666666666666666574e-01,0.000000000000000000e+00,1.571428571428571397e-01,0.000000000000000000e+00,8.461538461538462008e-02,0.000000000000000000e+00,0.000000000000000000e+00
0.000000000000000000e+00,0.000000000000000000e+00,2.044828942194258647e-01,0.000000000000000000e+00,1.505154639175257658e-01,8.749999999999999445e-02,0.000000000000000000e+00,0.000000000000000000e+00,0.000000000000000000e+00,0.000000000000000000e+00,0.000000000000000000e+00
0.000000000000000000e+00,0.000000000000000000e+00,2.103160188884852788e-01,0.000000000000000000e+00,1.494117647058823550e-01,0.000000000000000000e+00,0.000000000000000000e+00,0.000000000000000000e+00,0.000000000000000000e+00,0.000000000000000000e+00,0.000000000000000000e+00
0.000000000000000000e+00,0.000000000000000000e+00,2.063909774436090139e-01,0.000000000000000000e+00,1.608154020385050842e-01,0.000000000000000000e+00,0.000000000000000000e+00,5.000000000000000278e-02,0.000000000000000000e+00,0.000000000000000000e+00,0.000000000000000000e+00
