2.195392728281987116e-01
2.675548154315847693e-01
2.919789064668332212e-01
3.186233694143769113e-01
3.308354149320011373e-01
3.461004718290313642e-01
3.741326672217596405e-01
3.835692478490146939e-01
3.902303635859006303e-01
4.079933388842630904e-01
4.027199555925617402e-01
4.293644185401054858e-01
4.257563141826256059e-01
4.390785456563974232e-01
4.437968359700250054e-01
4.612822647793505260e-01
4.532334165972800588e-01
4.690535664723841092e-01
4.873716347488204481e-01
4.870940882597835087e-01
4.976408548431862089e-01
5.084651679156259041e-01
5.054121565362198476e-01
5.351096308631695386e-01
5.284485151262836578e-01
5.290036081043574256e-01
5.481543158479045275e-01
5.509297807382737000e-01
5.503746877601998211e-01
5.739661393283375102e-01
