2.719955592561754121e-01
3.755203996669442268e-01
4.357479877879544827e-01
5.043019705800722008e-01
5.240077713016930705e-01
5.689703025256730440e-01
5.911740216486260913e-01
6.244796003330558287e-01
6.547321676380793987e-01
6.891479322786566719e-01
7.096863724673883045e-01
7.313349986122675839e-01
7.424368581737440520e-01
7.721343325006938541e-01
8.037746322509020658e-01
8.195947821260061161e-01
8.351373855120732825e-01
8.481820704968081603e-01
8.598390230363586184e-01
8.698306966416874397e-01
8.784346378018318413e-01
9.031362753261171772e-01
8.995281709686372418e-01
9.064668331945601176e-01
9.056341937274493548e-01
9.222869830696641680e-01
9.192339716902581115e-01
9.478212600610602667e-01
9.525395503746877379e-01
9.353316680543991568e-01
