2.636691645850680055e-01
3.164029975020816177e-01
3.322231473771856680e-01
3.116847071884540910e-01
3.008603941160144513e-01
2.900360810435748116e-01
2.733832917013599983e-01
2.495142936441853976e-01
2.511795725784068956e-01
2.173189009159034180e-01
2.264779350541215597e-01
2.223147377185678564e-01
2.020538440188731633e-01
2.028864834859838984e-01
2.126006106022758912e-01
2.076047737996114251e-01
1.917846239245073470e-01
1.953927282819872269e-01
1.956702747710241386e-01
2.045517624202053963e-01
1.934499028587288449e-01
1.915070774354704353e-01
1.884540660560643788e-01
1.901193449902858768e-01
1.951151817929503152e-01
1.878989730779905554e-01
1.959478212600610503e-01
1.859561476547321734e-01
1.915070774354704353e-01
1.892867055231751416e-01
