3.854137737665149999e+00
3.110879807921327789e+00
3.041332032541819164e+00
3.111503958041648144e+00
3.192510912953321345e+00
3.473919843702765409e+00
3.429024379339244533e+00
3.517395221625668977e+00
3.861664228161946433e+00
3.680023895406326684e+00
3.877675525039186777e+00
4.084185120471627073e+00
4.156877513737559759e+00
4.168100578963261249e+00
4.373878586655508549e+00
4.427083623376248944e+00
4.430700476810212507e+00
4.358303716308192577e+00
4.710883401767699041e+00
4.843249582187620916e+00
4.966830331202689131e+00
5.314562183007638829e+00
5.531589458193475473e+00
4.833652178666598687e+00
4.968905448253134516e+00
5.672179143844878979e+00
5.411199210423181860e+00
5.585688322204632072e+00
6.056825450582847381e+00
5.799484047863291636e+00
