2.151130334492205254e+00
1.815171363776410418e+00
1.629777022676124565e+00
1.489715025695737438e+00
1.370545014037319875e+00
1.299058453817116598e+00
1.213549648130369363e+00
1.188447183271524210e+00
1.137444601825069457e+00
1.041213351190915626e+00
9.550118437681832662e-01
9.320964171367999151e-01
8.305690347776848448e-01
8.397982728737213298e-01
7.600633996200858444e-01
7.739155875348648905e-01
7.074814446868988860e-01
6.824704016922583660e-01
6.505403294256395519e-01
6.058041222930119485e-01
5.750365776946340102e-01
5.677923643110200924e-01
5.395373768609150744e-01
5.417859482261613291e-01
4.558515623521441351e-01
4.551384095773307048e-01
4.644755254863371929e-01
4.209863598486847103e-01
4.606032243612482868e-01
4.407661852898938082e-01
