1.454545454545454475e-01,0.000000000000000000e+00,4.116022099447513849e-01,5.000000000000000278e-02,2.200263504611330578e-01,2.154696132596685132e-01,1.884057971014492794e-01,1.894531250000000000e-01,4.279069767441860406e-01,2.545454545454545192e-01,4.453125000000000000e-01
2.837837837837837718e-01,0.000000000000000000e+00,5.042979942693409656e-01,2.500000000000000000e-01,2.960893854748603560e-01,3.095890410958904160e-01,3.238434163701067736e-01,2.854442344045368674e-01,6.039603960396039417e-01,3.522727272727272929e-01,5.110294117647058432e-01
3.253012048192771011e-01,3.333333333333333148e-01,5.582524271844659935e-01,3.333333333333333148e-01,3.739967897271267994e-01,3.963730569948186733e-01,3.877551020408163129e-01,3.823529411764705621e-01,6.696035242290748757e-01,4.210526315789473450e-01,6.059479553903345250e-01
4.102564102564102422e-01,1.250000000000000000e-01,5.907723169508525274e-01,3.783783783783783994e-01,3.726993865030674979e-01,4.207920792079207772e-01,4.440433212996389711e-01,4.428571428571428381e-01,6.926605504587155515e-01,5.038167938931297218e-01,6.397058823529411242e-01
3.921568627450980338e-01,1.764705882352941291e-01,6.146788990825687859e-01,3.333333333333333148e-01,4.462279293739968011e-01,4.601542416452442108e-01,5.086505190311418900e-01,4.676113360323886914e-01,7.649572649572649041e-01,5.064935064935064402e-01,6.690647482014387970e-01
4.297520661157024913e-01,3.076923076923077094e-01,6.545842217484008074e-01,3.666666666666666408e-01,4.642289348171700913e-01,4.910025706940874257e-01,5.397923875432526497e-01,5.079365079365079083e-01,7.590909090909090384e-01,4.893617021276595591e-01,6.573426573426572883e-01
4.655172413793103314e-01,2.727272727272727071e-01,6.487046632124352508e-01,5.510204081632652517e-01,4.928684627575277144e-01,5.552631578947367919e-01,5.782312925170067786e-01,5.609243697478991653e-01,7.973568281938325786e-01,5.870967741935483319e-01,7.111913357400722058e-01
5.327868852459016757e-01,2.800000000000000266e-01,6.699029126213592589e-01,5.666666666666666519e-01,5.216666666666666119e-01,5.535248041775456818e-01,5.981308411214952825e-01,5.357873210633946615e-01,7.958333333333332815e-01,5.958904109589041598e-01,6.448275862068965081e-01
5.303030303030302761e-01,4.411764705882352811e-01,6.981339187705817295e-01,5.370370370370370905e-01,5.472636815920397524e-01,5.463659147869673882e-01,5.787781350482315013e-01,5.665961945031712244e-01,8.396624472573839260e-01,6.357615894039735371e-01,6.644295302013423221e-01
5.786163522012578442e-01,4.146341463414633943e-01,7.014428412874583740e-01,5.714285714285713969e-01,5.795847750865051884e-01,5.989010989010988828e-01,6.082802547770700397e-01,6.028806584362139676e-01,8.333333333333333703e-01,6.513157894736841813e-01,7.447552447552447941e-01
6.272189349112425871e-01,4.722222222222222099e-01,7.440273037542661783e-01,5.890410958904109817e-01,5.976821192052980125e-01,6.267029972752043987e-01,6.698412698412697930e-01,6.111111111111111605e-01,8.723404255319149314e-01,6.451612903225806273e-01,7.112676056338028685e-01
6.588235294117646967e-01,5.000000000000000000e-01,7.604166666666666297e-01,5.921052631578946901e-01,6.358885017421602726e-01,6.428571428571429047e-01,6.601941747572815933e-01,6.153846153846154188e-01,8.443579766536964959e-01,6.172839506172839164e-01,7.263513513513513153e-01
6.900584795321637044e-01,4.600000000000000200e-01,7.772567409144196526e-01,6.315789473684210176e-01,6.808873720136519037e-01,6.839080459770114917e-01,7.430340557275542102e-01,6.565040650406503975e-01,9.027237354085603238e-01,6.967741935483870996e-01,7.808219178082191902e-01
7.074468085106383475e-01,4.651162790697674354e-01,7.735632183908045523e-01,5.774647887323943740e-01,6.889279437609842072e-01,6.649484536082473918e-01,7.335423197492163538e-01,6.798245614035087758e-01,8.599221789883269018e-01,6.987179487179486781e-01,7.517482517482517723e-01
6.911764705882352811e-01,4.259259259259259300e-01,7.876960193003619271e-01,6.875000000000000000e-01,7.079037800687285609e-01,6.931506849315068886e-01,7.514970059880239361e-01,7.058823529411765163e-01,9.066147859922178975e-01,7.086092715231787631e-01,7.847222222222222099e-01
7.076923076923077316e-01,6.206896551724138122e-01,7.682198327359617274e-01,6.790123456790123635e-01,6.847457627118643808e-01,7.320441988950275869e-01,7.628205128205127750e-01,6.831896551724138122e-01,8.715953307392996230e-01,7.647058823529411242e-01,7.585034013605441716e-01
7.956989247311827551e-01,5.245901639344262568e-01,8.117505995203836422e-01,6.703296703296702796e-01,7.164685908319184948e-01,7.331460674157302959e-01,7.993630573248408089e-01,7.151898734177215555e-01,8.643410852713178105e-01,7.032258064516129226e-01,8.140350877192982226e-01
7.724867724867724439e-01,5.245901639344262568e-01,8.210399032648125761e-01,6.891891891891891442e-01,7.385398981324278189e-01,7.195767195767195368e-01,8.012618296529968598e-01,7.363834422657952183e-01,9.049429657794676451e-01,7.672955974842767812e-01,8.222996515679442675e-01
7.475728155339805836e-01,6.129032258064516236e-01,8.058608058608058844e-01,7.777777777777777901e-01,7.638888888888888395e-01,7.493333333333332957e-01,8.167701863354037695e-01,7.461368653421633912e-01,8.897338403041824550e-01,7.874999999999999778e-01,8.111888111888111430e-01
7.632850241545893200e-01,6.101694915254237683e-01,8.484472049689441020e-01,6.666666666666666297e-01,7.746967071057192511e-01,7.534246575342465890e-01,8.145896656534954428e-01,7.660944206008584167e-01,9.163498098859315100e-01,7.857142857142856984e-01,8.229166666666666297e-01
7.881773399014778692e-01,6.119402985074626766e-01,8.413878562577447040e-01,8.000000000000000444e-01,8.091872791519434394e-01,7.804232804232804632e-01,8.228228228228228192e-01,7.873303167420814264e-01,9.100719424460431695e-01,8.116883116883116811e-01,8.137931034482758230e-01
7.815533980582524132e-01,6.266666666666667052e-01,8.368098159509202993e-01,7.628865979381442841e-01,7.866894197952218892e-01,7.886178861788617489e-01,8.666666666666666963e-01,7.972972972972972583e-01,9.318181818181817677e-01,8.456375838926174504e-01,8.091872791519434394e-01
7.938144329896906770e-01,6.666666666666666297e-01,8.158536585365853133e-01,7.727272727272727071e-01,7.975778546712802841e-01,7.733333333333333171e-01,8.499999999999999778e-01,8.039647577092511321e-01,9.107806691449814585e-01,7.750000000000000222e-01,8.478260869565217295e-01
8.249999999999999556e-01,6.986301369863013866e-01,8.467243510506798909e-01,6.881720430107527431e-01,7.983050847457626720e-01,7.683923705722071062e-01,8.244047619047618625e-01,8.148148148148147696e-01,9.111111111111110938e-01,8.037974683544303334e-01,8.399999999999999689e-01
8.082191780821917915e-01,8.253968253968253510e-01,8.583850931677018403e-01,8.510638297872340496e-01,8.217993079584775540e-01,8.267045454545454142e-01,8.644578313253011848e-01,8.380743982494529565e-01,9.114391143911438897e-01,8.636363636363636465e-01,8.884892086330935523e-01
7.934272300469483730e-01,6.790123456790123635e-01,8.623279098873591897e-01,8.750000000000000000e-01,8.470790378006872734e-01,8.310991957104557626e-01,8.734939759036144391e-01,8.290993071593533159e-01,9.438202247191010974e-01,8.581081081081081141e-01,8.387096774193548709e-01
8.509615384615384359e-01,7.297297297297297147e-01,8.688524590163934080e-01,8.315789473684210842e-01,8.442906574394463126e-01,8.278688524590164244e-01,8.738461538461538280e-01,8.206278026905829970e-01,9.261992619926199266e-01,8.689655172413792705e-01,8.211920529801324253e-01
8.625592417061611616e-01,7.285714285714285365e-01,8.842239185750636610e-01,8.876404494382021948e-01,8.209459459459459429e-01,8.270270270270270174e-01,8.858024691358025171e-01,8.221258134490239122e-01,9.288389513108614715e-01,8.645161290322580516e-01,9.064748201438849184e-01
8.148148148148147696e-01,8.153846153846153744e-01,8.762499999999999734e-01,8.191489361702127825e-01,8.271186440677965601e-01,8.419618528610354202e-01,8.731117824773413361e-01,8.607888631090486742e-01,9.163498098859315100e-01,8.271604938271605034e-01,8.591549295774647543e-01
8.483412322274881401e-01,6.933333333333333570e-01,8.825031928480204790e-01,8.333333333333333703e-01,8.406779661016948735e-01,8.216216216216216672e-01,8.803680981595092270e-01,8.542600896860986781e-01,9.227941176470588758e-01,8.552631578947368363e-01,8.617021276595744350e-01
