9.090909090909091161e-02,0.000000000000000000e+00,2.209302325581395388e-01,6.779661016949152519e-02,2.292768959435625975e-01,1.383647798742138335e-01,1.444444444444444309e-01,1.516966067864271572e-01,1.068376068376068327e-01,2.459016393442622905e-02,1.888544891640866752e-01
8.088235294117647467e-02,4.477611940298507204e-02,2.229477611940298420e-01,3.125000000000000000e-02,1.672535211267605626e-01,1.496598639455782309e-01,9.615384615384615918e-02,1.396226415094339590e-01,1.134020618556701027e-01,3.623188405797101580e-02,2.115384615384615363e-01
4.464285714285714385e-02,0.000000000000000000e+00,2.272727272727272652e-01,1.071428571428571369e-01,1.720279720279720148e-01,1.356466876971608726e-01,1.091549295774647821e-01,1.266094420600858417e-01,1.255411255411255367e-01,7.407407407407406996e-02,1.929824561403508665e-01
1.442307692307692180e-01,0.000000000000000000e+00,2.000000000000000111e-01,0.000000000000000000e+00,1.650618982118294276e-01,1.090225563909774376e-01,7.342657342657342434e-02,1.394230769230769273e-01,8.287292817679557666e-02,2.564102564102564014e-02,1.472081218274111647e-01
5.882352941176470507e-02,0.000000000000000000e+00,2.144866385372714568e-01,0.000000000000000000e+00,1.679586563307493563e-01,1.567796610169491511e-01,1.037735849056603821e-01,1.278026905829596493e-01,1.000000000000000056e-01,5.263157894736841813e-02,1.076923076923076983e-01
3.658536585365853439e-02,0.000000000000000000e+00,1.981818181818181812e-01,0.000000000000000000e+00,1.441922563417890601e-01,1.422018348623853290e-01,8.333333333333332871e-02,1.432225063938618870e-01,7.746478873239436014e-02,2.702702702702702853e-02,7.377049180327868716e-02
8.771929824561403022e-02,1.250000000000000000e-01,2.108079186730872079e-01,0.000000000000000000e+00,1.739130434782608647e-01,1.159420289855072478e-01,1.256544502617800985e-01,1.217948717948717924e-01,1.403508771929824483e-01,9.375000000000000000e-02,7.619047619047619735e-02
4.545454545454545581e-02,0.000000000000000000e+00,2.026143790849673221e-01,0.000000000000000000e+00,1.801324503311258207e-01,9.523809523809523281e-02,1.068702290076335853e-01,1.511627906976744096e-01,7.692307692307692735e-02,0.000000000000000000e+00,1.063829787234042562e-01
4.918032786885245811e-02,0.000000000000000000e+00,2.032345013477089013e-01,0.000000000000000000e+00,1.699029126213592311e-01,9.756097560975610095e-02,5.882352941176470507e-02,1.168478260869565272e-01,2.352941176470588203e-02,0.000000000000000000e+00,6.818181818181817677e-02
1.136363636363636326e-01,0.000000000000000000e+00,2.084103512014787440e-01,0.000000000000000000e+00,1.449664429530201359e-01,1.041666666666666713e-01,4.385964912280701511e-02,1.385281385281385280e-01,1.375000000000000111e-01,6.250000000000000000e-02,1.489361702127659504e-01
1.363636363636363535e-01,0.000000000000000000e+00,2.086330935251798635e-01,0.000000000000000000e+00,1.717417783191230174e-01,9.677419354838709409e-02,1.578947368421052544e-01,1.203703703703703637e-01,4.878048780487805047e-02,5.263157894736841813e-02,9.090909090909091161e-02
0.000000000000000000e+00,0.000000000000000000e+00,2.190760059612518740e-01,0.000000000000000000e+00,1.732673267326732547e-01,1.010101010101010083e-01,8.910891089108910479e-02,1.272264631043256988e-01,5.479452054794520244e-02,6.250000000000000000e-02,3.921568627450980338e-02
1.470588235294117696e-01,0.000000000000000000e+00,2.089971883786316820e-01,8.333333333333332871e-02,1.767614338689740550e-01,1.074380165289256228e-01,1.084337349397590383e-01,1.063122923588039892e-01,9.259259259259258745e-02,0.000000000000000000e+00,1.025641025641025605e-01
8.571428571428571508e-02,0.000000000000000000e+00,2.004192872117400437e-01,0.000000000000000000e+00,1.585714285714285576e-01,1.348314606741572996e-01,1.052631578947368363e-01,1.681415929203539938e-01,5.000000000000000278e-02,0.000000000000000000e+00,8.108108108108108558e-02
4.545454545454545581e-02,0.000000000000000000e+00,2.091106290672451185e-01,0.000000000000000000e+00,1.604754829123328508e-01,1.287128712871287162e-01,8.571428571428571508e-02,1.292307692307692324e-01,7.843137254901960675e-02,0.000000000000000000e+00,1.052631578947368363e-01
0.000000000000000000e+00,0.000000000000000000e+00,2.097688617531617838e-01,0.000000000000000000e+00,1.786492374727668975e-01,7.317073170731706877e-02,1.250000000000000000e-01,1.250000000000000000e-01,5.405405405405405705e-02,1.818181818181818232e-01,4.347826086956521618e-02
0.000000000000000000e+00,0.000000000000000000e+00,2.009111617312072939e-01,0.000000000000000000e+00,1.560439560439560447e-01,1.443298969072164817e-01,7.936507936507936067e-02,1.422594142259414329e-01,2.439024390243902524e-02,2.000000000000000111e-01,1.000000000000000056e-01
1.428571428571428492e-01,0.000000000000000000e+00,2.049215103945693783e-01,0.000000000000000000e+00,1.671052631578947290e-01,1.176470588235294101e-01,1.636363636363636354e-01,1.231884057971014551e-01,5.405405405405405705e-02,0.000000000000000000e+00,1.304347826086956486e-01
1.111111111111111049e-01,0.000000000000000000e+00,2.079326923076923184e-01,0.000000000000000000e+00,1.713859910581222168e-01,1.538461538461538547e-01,1.111111111111111049e-01,1.128205128205128221e-01,1.578947368421052544e-01,2.500000000000000000e-01,1.562500000000000000e-01
0.000000000000000000e+00,0.000000000000000000e+00,2.088835534213685508e-01,4.000000000000000222e-01,1.854304635761589437e-01,7.812500000000000000e-02,1.354166666666666574e-01,1.129032258064516098e-01,1.363636363636363535e-01,1.666666666666666574e-01,2.432432432432432567e-01
0.000000000000000000e+00,0.000000000000000000e+00,2.049540551338393801e-01,0.000000000000000000e+00,1.754684838160136262e-01,1.052631578947368363e-01,8.333333333333332871e-02,1.278409090909090884e-01,3.225806451612903136e-02,1.111111111111111049e-01,2.272727272727272652e-01
7.692307692307692735e-02,0.000000000000000000e+00,2.060810810810810856e-01,0.000000000000000000e+00,1.593714927048260344e-01,6.153846153846154188e-02,1.666666666666666574e-01,1.411764705882352922e-01,1.153846153846153910e-01,0.000000000000000000e+00,2.727272727272727071e-01
1.666666666666666574e-01,0.000000000000000000e+00,2.088167053364269055e-01,0.000000000000000000e+00,1.732070365358592823e-01,1.086956521739130405e-01,1.428571428571428492e-01,1.401869158878504551e-01,7.142857142857142461e-02,0.000000000000000000e+00,1.904761904761904656e-01
7.692307692307692735e-02,0.000000000000000000e+00,2.075707154742096605e-01,0.000000000000000000e+00,1.770334928229665150e-01,1.525423728813559421e-01,7.692307692307692735e-02,1.628959276018099589e-01,1.304347826086956486e-01,0.000000000000000000e+00,2.727272727272727071e-01
2.500000000000000000e-01,0.000000000000000000e+00,2.161084529505582219e-01,1.428571428571428492e-01,1.533665835411471279e-01,7.547169811320754429e-02,1.395348837209302306e-01,1.441441441441441429e-01,5.882352941176470507e-02,1.250000000000000000e-01,2.608695652173912971e-01
4.761904761904761640e-02,0.000000000000000000e+00,1.968229368461836548e-01,0.000000000000000000e+00,1.505944517833553431e-01,1.224489795918367319e-01,1.142857142857142821e-01,1.351351351351351426e-01,5.000000000000000278e-02,0.000000000000000000e+00,2.173913043478260809e-01
1.818181818181818232e-01,0.000000000000000000e+00,2.034596375617792330e-01,0.000000000000000000e+00,1.532258064516129059e-01,9.677419354838709409e-02,9.677419354838709409e-02,8.823529411764706454e-02,3.703703703703703498e-02,0.000000000000000000e+00,4.375000000000000000e-01
2.352941176470588203e-01,0.000000000000000000e+00,2.067578439259855072e-01,0.000000000000000000e+00,1.524249422632794337e-01,1.315789473684210453e-01,1.470588235294117696e-01,1.634615384615384637e-01,4.545454545454545581e-02,0.000000000000000000e+00,2.800000000000000266e-01
0.000000000000000000e+00,0.000000000000000000e+00,1.980000000000000093e-01,0.000000000000000000e+00,1.606475716064757198e-01,1.186440677966101725e-01,1.304347826086956486e-01,1.017964071856287400e-01,7.142857142857142461e-02,0.000000000000000000e+00,3.333333333333333148e-01
0.000000000000000000e+00,0.000000000000000000e+00,2.074253430185633573e-01,0.000000000000000000e+00,1.725352112676056260e-01,3.508771929824561209e-02,6.250000000000000000e-02,1.085271317829457349e-01,6.250000000000000000e-02,0.000000000000000000e+00,3.461538461538461453e-01
