2.203664284333628043e+00
1.834594573835917064e+00
1.674112576031618893e+00
1.496775158719673149e+00
1.417783614712408768e+00
1.302809123765068300e+00
1.223428206843352406e+00
1.135658618733493164e+00
1.020874526114345038e+00
9.560356100097587850e-01
8.722518541723737195e-01
7.994632147397030542e-01
7.532609020697773605e-01
6.824880285895431609e-01
6.069209365344443441e-01
5.690505720076468599e-01
5.098237554101567870e-01
4.629213179918290066e-01
4.339347490137881458e-01
3.980779134903175143e-01
3.709837394686534284e-01
3.169549754782066686e-01
3.193014125104921552e-01
2.874937679610857777e-01
2.974269348790048451e-01
2.446191296306467200e-01
2.627318305965677947e-01
1.625420999678736655e-01
1.529476392204848212e-01
1.969498818604162038e-01
