2.221249746483779042e+00
1.841303900833605400e+00
1.677581334378250411e+00
1.542932697610511772e+00
1.421633059298232693e+00
1.306811721660093628e+00
1.217903392631921822e+00
1.155202505496069953e+00
1.069154366850852966e+00
9.946967073177036545e-01
9.026030133945294187e-01
8.457270251003988770e-01
7.421328135639676526e-01
7.346291080468083656e-01
6.782427277426310575e-01
6.211429585565986233e-01
5.454726864137477982e-01
5.231488307530365311e-01
4.458649980415102521e-01
4.296969860312309653e-01
4.273906558922329624e-01
3.759156879968941212e-01
4.123002770073051493e-01
3.144061370285800572e-01
3.073124584691583339e-01
3.210426502824964556e-01
2.929172712569111936e-01
2.138087129667968767e-01
2.240055742127939620e-01
2.300097546633720069e-01
