2.215753869832057354e+00
1.881872227977847700e+00
1.735533087042230083e+00
1.636239055286153876e+00
1.529815030064939352e+00
1.468842583514976985e+00
1.421615203661931837e+00
1.350546254840914173e+00
1.308912645911906258e+00
1.284707193889776500e+00
1.264690670362800029e+00
1.231095448425271854e+00
1.149568654741276674e+00
1.146947739114391407e+00
1.091130255579618291e+00
1.111371632097830631e+00
1.048825878391965949e+00
1.047253512650975882e+00
1.012400302736712998e+00
1.007557231674894416e+00
9.268555806284135556e-01
1.026735554111301019e+00
9.480002354882099969e-01
8.904308499020222589e-01
8.940552435712140200e-01
8.468291245173880100e-01
8.104666520395107376e-01
8.930668612101071435e-01
8.014966528501537013e-01
8.164816442619070580e-01
