2.243769472325607861e+00
2.254553412796717726e+00
2.254219953703417989e+00
2.251785430881785732e+00
2.254854515648944790e+00
2.255388139027307393e+00
2.255235326257108763e+00
2.256035252951519077e+00
2.251456270587741670e+00
2.256726962707709561e+00
2.252660399658858115e+00
2.256380337757417198e+00
2.253433187912706082e+00
2.254236989734575758e+00
2.254144698298869098e+00
2.255945634974006797e+00
2.255791208090214273e+00
2.254824413817344997e+00
2.257622613140750634e+00
2.255344397143313806e+00
2.258491995922416340e+00
2.254823917167008585e+00
2.259922632220049188e+00
2.259712981715426672e+00
2.255700123937506518e+00
2.259020315973382154e+00
2.256841237194980643e+00
2.258689579871222541e+00
2.258501286982169010e+00
2.251249815618562522e+00
