2.212638655527806808e+00
1.979874469566873518e+00
1.973525699981361958e+00
1.992998262851852553e+00
2.016232416240132164e+00
2.033140292458256670e+00
2.092751270846316736e+00
2.093989955421299953e+00
2.130800442352189350e+00
2.145092670937324364e+00
2.146183828567864271e+00
2.165911584019330594e+00
2.175710223718362979e+00
2.177374052208876698e+00
2.162930407352394724e+00
2.170690415968855369e+00
2.180832031360953938e+00
2.177489591107144129e+00
2.175733474483120045e+00
2.174890645323037219e+00
2.183759713767308153e+00
2.212502818028352358e+00
2.252782648620182737e+00
2.215514793290325635e+00
2.217667185038410871e+00
2.228081719036577812e+00
2.215752000954012590e+00
2.218647116439164346e+00
2.221173645386735451e+00
2.224993585549563058e+00
